
01 1 2 
02 1 2 23 22 23
03 1 2 16 18 21
04 1 1 6 9
05 2 2 34 31
06 1 2 14 21 22
20 1 0 11 15
21 1 2 15 15
22 1 0 6 6
23 1 2 17 19 19
24 2 1 19 12
25 1 0 17 12 7
30 1 2 16 14 13
31 2 1 14 16
32 1 1 9 10
33 1 1 11 7 13
34 1 0 8 5 6
35 1 0 6 2
36 1 2 19 15
37 2 1 16 17 12
38 1 2 21 19 16
40 1 2 15 22 21
41 2 2 35 32
42 1 0 9 3 8
43 1 1 17 16 16
44 1 2 17 17 18
45 1 0 11 3 8
46 2 2 36 32
47 1 2 9 16
50 1 2 22 25
51 1 1 10 9
52 1 2 19 15
53 1 1 14 17 14
60 1 1 8 1
61 1 1 8 17
62 1 1 10 5
63 1 1 10 6
70 1 0 2
71 0 1 1 1
72 1 0 2 6
73 1 0 8 6
74 1 0 6 7
75 1 0 6 6
76 1 0 4 0
77 1 0 6 2
78 1 0 6
79 1 0 5
80 1 0 0 0
81 0 1 0 0
82 0 1 6 7
83 1 0 7 9