42 44
0 0 0 0 0 0 0 0 0 0 0 0 0 0 0 0 0 0 0 0 0 0 0 0 0 0 0 0 0 0 0 0 0 0 0 0 0 0 0 0 0 0 0 0
0 0 0 0 0 0 0 0 0 0 0 0 0 0 0 3 3 3 3 3 3 3 3 3 3 3 3 3 3 0 0 0 0 0 0 0 0 0 0 0 0 0 0 0
0 0 0 0 0 0 0 0 0 0 0 0 0 0 0 3 3 3 3 3 3 3 3 3 3 3 3 3 3 0 0 0 0 0 0 0 0 0 0 0 0 0 0 0
0 0 0 0 0 0 0 0 0 0 0 0 0 0 0 3 3 3 6 6 6 6 6 6 6 6 6 3 3 0 0 0 0 0 0 0 0 0 0 0 0 0 0 0
0 0 0 0 0 0 0 0 0 0 0 0 0 0 0 3 3 6 6 6 6 6 6 6 6 6 6 3 3 0 0 0 0 0 0 0 0 0 0 0 0 0 0 0
0 0 0 0 0 0 0 0 0 0 0 0 0 0 0 3 3 6 6 6 6 6 6 6 6 6 6 3 3 0 0 0 0 0 0 0 0 0 0 0 0 0 0 0
0 0 0 0 0 0 0 0 0 0 0 0 0 0 0 3 3 6 6 6 6 6 6 6 6 6 6 3 3 3 0 0 0 0 0 0 0 0 0 0 0 0 0 0
0 0 0 0 0 0 0 0 0 0 0 0 0 0 0 3 3 6 6 6 6 6 6 6 6 6 6 3 3 3 3 3 3 3 3 3 3 3 3 3 3 0 0 0
0 0 0 0 0 0 0 0 0 0 0 0 0 0 3 3 3 6 6 6 6 6 6 6 6 6 6 1 3 3 3 3 3 3 3 3 3 3 3 3 3 0 0 0
0 0 0 0 0 0 0 0 0 0 0 0 0 0 3 3 3 6 6 6 6 6 6 6 6 6 6 1 1 1 1 1 1 1 1 1 1 1 1 3 3 0 0 0
0 0 0 0 0 0 0 0 0 0 0 0 0 0 3 3 6 6 6 6 6 6 6 6 6 6 6 1 1 1 5 5 5 5 5 5 5 5 1 3 3 0 0 0
0 0 0 0 0 0 0 0 0 0 0 0 0 0 3 3 6 6 6 6 6 6 6 6 6 6 6 1 1 1 5 5 5 5 5 5 5 5 1 3 3 0 0 0
0 0 0 0 0 0 0 0 0 0 0 0 0 0 3 3 6 6 6 6 6 6 6 6 6 6 1 1 1 5 5 5 5 5 5 5 5 5 1 3 3 0 0 0
0 0 0 0 0 0 0 0 0 0 0 0 0 3 3 3 6 6 6 6 6 6 6 6 6 6 1 1 1 5 5 5 5 5 5 5 5 5 1 3 3 0 0 0
0 0 0 0 0 0 0 0 0 0 0 0 0 3 3 3 6 6 6 6 6 6 6 6 6 6 1 1 2 5 5 5 5 5 5 5 5 5 1 3 3 0 0 0
0 0 0 0 0 0 0 0 0 0 0 0 0 3 3 6 6 6 6 6 6 6 6 6 6 6 1 1 1 5 5 5 5 5 5 5 5 5 1 3 3 0 0 0
0 0 0 0 0 0 0 0 0 0 0 0 0 3 3 6 6 6 6 6 6 6 6 6 6 6 1 1 1 5 5 5 5 5 5 5 5 5 1 3 3 0 0 0
0 0 0 0 0 0 0 0 0 0 0 0 0 3 3 6 6 6 6 6 6 6 6 6 6 6 1 1 5 5 5 5 5 5 5 5 5 1 1 3 3 0 0 0
0 0 0 0 0 0 0 0 0 0 0 0 0 3 3 6 6 6 6 6 6 6 6 6 6 1 1 1 5 5 5 5 5 5 5 5 5 1 3 3 3 0 0 0
0 0 0 0 0 0 3 3 3 3 3 3 3 3 3 6 6 6 6 6 6 6 6 6 6 1 1 1 5 5 5 5 5 5 5 5 5 1 3 3 3 0 0 0
0 0 0 0 3 3 3 3 3 3 3 3 3 3 3 6 6 6 6 6 6 6 6 6 6 1 1 1 5 5 5 5 5 5 5 5 5 1 3 3 0 0 0 0
0 0 0 3 3 3 3 3 1 1 1 1 1 1 6 6 6 6 6 6 6 6 6 6 6 1 1 1 5 5 5 5 5 5 5 5 5 1 3 3 0 0 0 0
0 0 3 3 3 3 1 1 1 5 5 5 1 1 6 6 6 6 6 6 6 6 6 6 6 1 1 1 5 5 5 5 5 5 5 5 5 1 3 3 0 0 0 0
0 3 3 3 3 1 1 5 5 5 5 5 5 1 6 6 6 6 6 6 6 6 6 6 6 1 1 5 5 5 5 5 5 5 5 5 5 1 3 3 0 0 0 0
0 3 3 3 1 1 5 5 5 5 5 5 5 1 6 6 6 6 6 6 6 6 6 6 1 1 1 5 5 5 5 5 5 5 5 5 1 1 3 3 0 0 0 0
0 3 3 3 1 5 5 5 5 5 5 5 5 2 6 6 6 6 6 6 6 6 6 6 1 1 1 5 5 5 5 5 5 5 5 5 1 3 3 3 0 0 0 0
0 3 3 3 1 5 5 5 5 5 5 5 5 1 6 6 6 6 6 6 6 6 6 6 1 1 2 5 5 5 5 5 5 5 5 5 1 3 3 3 0 0 0 0
0 3 3 3 1 5 5 5 5 5 5 5 5 1 6 6 6 6 6 6 6 6 6 6 1 1 1 5 5 5 5 5 5 5 5 5 1 3 3 0 0 0 0 0
0 3 3 3 1 1 5 5 5 5 5 5 5 1 6 6 6 6 6 6 6 6 6 6 1 1 1 5 5 5 5 5 5 5 5 5 1 3 3 0 0 0 0 0
0 3 3 3 3 1 1 5 5 5 5 1 1 1 1 3 3 3 3 3 3 3 3 3 3 1 5 5 5 5 5 5 5 5 5 5 1 3 3 0 0 0 0 0
0 0 3 3 3 3 1 1 1 1 1 1 3 3 3 3 3 3 3 3 3 3 3 3 3 1 5 5 5 5 5 5 5 5 5 1 1 3 3 0 0 0 0 0
0 0 0 3 3 3 3 3 3 3 3 3 3 3 3 3 3 0 0 0 0 0 0 3 3 1 5 5 5 5 5 5 5 5 5 1 3 3 3 0 0 0 0 0
0 0 0 0 3 3 3 3 3 3 3 3 3 3 0 0 0 0 0 0 0 0 3 3 3 1 5 5 5 5 5 5 5 5 5 1 3 3 3 0 0 0 0 0
0 0 0 0 0 0 0 0 0 0 0 0 0 0 0 0 0 0 0 0 0 0 3 3 3 1 5 5 5 5 5 5 5 5 5 1 3 3 0 0 0 0 0 0
0 0 0 0 0 0 0 0 0 0 0 0 0 0 0 0 0 0 0 0 0 0 3 3 1 1 5 5 5 5 5 5 5 5 5 1 3 3 0 0 0 0 0 0
0 0 0 0 0 0 0 0 0 0 0 0 0 0 0 0 0 0 0 0 0 0 3 3 1 5 5 5 5 5 5 5 5 5 5 1 3 3 0 0 0 0 0 0
0 0 0 0 0 0 0 0 0 0 0 0 0 0 0 0 0 0 0 0 0 0 3 3 1 5 5 5 5 5 5 5 5 5 1 1 3 3 0 0 0 0 0 0
0 0 0 0 0 0 0 0 0 0 0 0 0 0 0 0 0 0 0 0 0 0 3 3 1 5 5 5 5 5 5 5 5 5 1 3 3 3 0 0 0 0 0 0
0 0 0 0 0 0 0 0 0 0 0 0 0 0 0 0 0 0 0 0 0 0 3 3 1 1 1 1 1 1 1 1 1 1 1 3 3 3 0 0 0 0 0 0
0 0 0 0 0 0 0 0 0 0 0 0 0 0 0 0 0 0 0 0 0 0 3 3 3 3 3 3 3 3 3 3 3 3 3 3 3 0 0 0 0 0 0 0
0 0 0 0 0 0 0 0 0 0 0 0 0 0 0 0 0 0 0 0 0 0 3 3 3 3 3 3 3 3 3 3 3 3 3 3 3 0 0 0 0 0 0 0
0 0 0 0 0 0 0 0 0 0 0 0 0 0 0 0 0 0 0 0 0 0 0 0 0 0 0 0 0 0 0 0 0 0 0 0 0 0 0 0 0 0 0 0
1
2
0 32 30 1 5 21
3
5 7 27
5 35 25
6 26 8