52 55
0 0 0 0 0 0 0 0 0 0 0 0 0 0 0 0 0 0 0 0 0 0 0 0 0 0 0 0 0 0 0 0 0 0 0 0 0 0 0 0 0 0 0 0 0 0 0 0 0 0 0 0 0 0 0
0 0 0 0 3 3 3 3 3 3 3 3 3 3 3 0 0 0 0 0 0 0 0 0 0 0 0 3 3 3 3 3 3 3 3 0 0 0 0 0 0 0 0 0 0 0 0 0 0 0 0 0 0 0 0
0 0 0 3 3 3 3 3 3 3 3 3 3 3 3 3 0 0 0 0 0 3 3 3 3 3 3 3 3 3 3 3 3 3 3 3 3 0 0 0 0 0 0 0 0 0 0 0 0 0 0 0 0 0 0
0 0 3 3 3 3 1 1 1 1 1 1 1 3 3 3 0 0 3 3 3 3 3 3 3 3 3 3 3 1 1 1 1 3 3 3 3 3 3 3 0 0 0 0 0 0 0 0 0 0 0 0 0 0 0
0 0 3 3 3 1 1 5 5 5 5 5 1 1 3 3 3 0 3 3 3 3 3 1 1 1 1 1 1 1 5 5 1 1 1 3 3 3 3 3 3 0 0 0 0 0 0 0 0 0 0 0 0 0 0
0 3 3 3 1 1 5 5 5 5 5 5 5 1 3 3 3 3 3 3 1 1 1 1 5 5 1 1 1 5 5 5 5 5 1 1 1 1 3 3 3 0 0 0 0 0 0 0 0 0 0 0 0 0 0
0 3 3 3 1 5 5 5 5 5 5 5 5 1 1 3 3 3 3 3 1 5 5 5 5 5 5 1 1 5 5 5 5 5 5 5 5 1 1 3 3 3 3 0 0 0 0 0 0 0 0 0 0 0 0
0 3 3 1 1 5 5 5 5 5 5 5 1 1 1 1 1 1 1 1 1 5 5 5 5 5 5 1 1 5 5 5 5 5 5 5 5 5 1 3 3 3 3 0 0 0 0 0 0 0 0 0 0 0 0
0 3 3 1 5 5 5 5 5 5 5 1 1 1 1 1 5 1 1 1 5 5 5 5 5 5 5 5 5 5 5 5 5 5 5 5 5 5 1 1 1 3 3 3 3 3 3 3 3 3 0 0 0 0 0
0 3 3 1 5 5 5 5 5 5 1 1 1 1 5 5 5 1 1 1 5 5 5 1 1 5 5 5 5 5 5 1 1 1 5 5 5 5 5 5 1 3 3 3 3 3 3 3 3 3 0 0 0 0 0
0 3 3 1 5 5 5 5 5 5 1 1 1 5 5 5 5 1 1 1 1 5 5 1 1 5 5 5 5 5 5 1 1 1 1 5 5 5 5 5 1 1 3 3 1 1 1 1 3 3 3 0 0 0 0
0 3 3 1 1 5 5 5 5 5 1 1 5 5 5 5 5 5 1 1 1 5 5 5 5 5 5 5 5 5 5 1 1 1 1 5 5 5 5 5 5 1 1 1 1 5 5 1 1 3 3 3 0 0 0
0 3 3 3 1 1 1 1 1 1 1 1 1 1 5 5 5 5 5 5 5 5 5 5 5 5 5 5 5 5 5 5 1 1 5 5 5 5 5 5 5 1 1 1 5 5 5 5 1 3 3 3 0 0 0
0 3 3 3 1 1 1 1 1 1 1 1 1 1 5 5 5 5 5 5 5 5 5 5 5 5 5 5 5 5 5 5 5 5 5 5 5 5 5 5 5 1 1 5 5 5 5 5 1 1 3 3 3 0 0
0 0 3 3 1 1 5 5 5 5 1 1 1 1 1 5 5 5 5 5 5 5 5 5 5 1 1 1 5 5 5 5 5 5 5 5 5 5 5 5 5 5 5 5 5 5 5 5 5 1 3 3 3 0 0
0 0 3 3 1 5 5 5 5 5 5 1 1 1 1 1 1 1 1 5 5 5 5 5 1 1 1 1 1 5 5 5 5 5 5 5 1 1 5 5 5 5 5 5 5 5 5 5 5 1 1 3 3 0 0
0 0 3 3 1 5 5 5 5 5 5 5 5 1 1 1 1 1 1 1 1 1 1 1 1 1 1 1 1 1 5 5 5 5 5 5 1 1 5 5 5 5 5 5 5 5 5 5 5 5 1 3 3 3 0
0 0 3 3 1 1 5 5 5 5 5 5 5 1 1 1 1 1 1 1 1 1 1 1 1 1 1 1 1 1 1 5 5 5 5 5 1 1 5 5 5 5 5 1 1 1 5 5 5 5 1 3 3 3 0
0 0 3 3 1 1 5 5 5 5 5 5 5 5 1 1 1 5 5 1 1 1 5 5 5 5 1 1 1 1 1 5 5 5 5 5 1 1 5 5 5 1 1 1 1 1 5 5 5 5 1 1 3 3 0
0 3 3 3 1 1 5 5 5 5 5 5 5 5 1 1 1 5 5 1 1 5 5 5 5 5 5 1 1 1 1 1 1 5 5 5 1 1 5 5 5 1 1 1 1 5 5 5 5 5 5 1 3 3 0
0 3 3 3 1 5 5 5 5 5 5 5 5 5 1 1 1 5 5 1 1 5 5 5 5 5 5 5 1 1 1 1 1 5 5 5 5 5 5 5 5 5 1 1 5 5 5 5 5 5 5 1 3 3 0
0 3 3 1 1 5 5 5 1 1 5 5 5 5 5 1 1 1 1 1 1 5 5 5 5 5 5 5 1 1 1 1 5 5 5 5 5 5 5 5 5 5 5 5 5 5 5 5 5 5 5 1 3 3 0
0 3 3 1 5 5 5 5 1 1 1 5 5 5 5 1 1 1 1 1 1 5 5 1 1 5 5 5 1 1 1 1 5 5 5 5 5 5 5 5 5 5 5 5 5 5 5 1 1 5 5 1 3 3 0
0 3 3 1 5 5 5 5 1 1 1 5 5 5 5 5 5 5 5 5 5 5 5 1 1 5 5 5 1 1 1 1 5 5 5 5 5 5 1 1 5 5 5 5 5 5 1 1 1 5 5 1 3 3 0
0 3 3 1 5 5 5 5 1 1 1 5 5 5 5 5 5 5 5 5 5 5 5 1 1 5 5 5 1 1 1 5 5 5 5 5 5 1 1 1 1 1 1 5 5 5 1 1 1 5 5 1 3 3 0
0 3 3 1 5 5 5 5 5 1 1 5 5 5 5 5 5 5 5 5 5 5 5 5 5 5 5 5 5 1 1 5 5 5 5 5 1 1 3 3 3 3 1 1 1 1 1 1 5 5 5 1 3 3 0
0 3 3 1 5 5 5 5 5 1 1 1 5 5 5 5 5 5 1 1 5 5 5 5 5 5 5 5 5 1 1 5 5 5 5 1 1 1 3 3 3 3 1 1 1 1 1 1 1 1 1 1 3 3 0
0 3 3 1 5 5 5 5 1 1 1 1 5 5 5 5 5 1 1 1 5 5 5 5 5 5 5 1 1 1 1 1 5 5 5 1 1 1 1 1 1 1 1 1 1 1 1 3 3 3 3 3 3 3 0
0 3 3 1 5 5 5 5 1 1 1 5 5 5 5 5 5 1 1 1 5 5 5 1 1 1 1 1 1 1 1 1 5 5 5 5 1 1 1 5 5 1 1 1 1 1 1 3 3 3 3 3 3 3 0
0 3 3 1 5 5 5 5 5 5 5 5 5 5 5 5 5 1 1 1 5 5 5 1 1 1 1 1 1 1 1 1 5 5 5 5 1 1 1 5 5 5 5 5 5 5 1 1 1 3 3 3 0 0 0
0 3 3 1 1 5 5 5 5 5 5 5 5 5 5 5 5 1 1 5 5 5 5 5 5 1 1 1 1 1 5 5 5 5 5 5 5 1 1 5 5 5 5 5 5 5 5 5 1 1 3 3 0 0 0
0 3 3 3 1 5 5 5 5 5 5 5 5 5 5 5 1 1 1 5 5 5 5 5 5 5 5 5 5 5 5 5 5 5 5 5 5 5 5 5 5 5 5 5 5 5 5 5 5 1 3 3 0 0 0
0 3 3 3 1 5 5 5 5 5 5 5 5 5 5 1 1 1 1 5 5 5 5 5 5 5 5 5 5 5 5 5 5 5 5 5 5 5 5 5 5 5 5 5 5 5 5 5 5 1 3 3 0 0 0
0 0 3 3 1 1 5 5 5 5 5 5 5 5 1 1 1 1 5 5 5 5 5 5 5 5 5 5 5 5 5 5 5 5 5 5 5 5 5 5 5 5 5 5 5 5 5 5 5 1 3 3 0 0 0
0 0 3 3 3 1 5 5 5 5 5 5 1 1 1 1 1 5 5 5 5 5 5 5 5 5 5 5 5 5 5 5 5 5 5 5 1 1 5 5 5 5 5 5 5 5 5 5 5 1 3 3 0 0 0
0 0 3 3 3 1 1 5 5 5 5 1 1 1 1 1 5 5 5 5 5 5 5 1 1 1 1 1 1 1 1 1 1 5 5 5 1 1 5 5 5 5 5 5 5 5 5 5 1 1 3 3 0 0 0
0 0 0 3 3 3 1 5 5 5 5 1 1 1 1 5 5 5 5 5 1 1 1 1 1 1 1 1 1 1 1 1 1 5 5 5 5 5 5 5 5 1 1 5 5 5 5 5 1 3 3 3 0 0 0
0 0 0 3 3 3 1 5 5 5 5 5 1 1 5 5 5 5 5 1 1 1 1 1 1 5 5 5 5 5 5 1 1 5 5 5 5 5 5 5 1 1 1 1 5 5 5 5 1 3 3 3 0 0 0
0 0 0 0 3 3 1 1 5 5 5 5 5 5 5 5 5 5 1 1 1 1 1 1 1 5 5 5 5 5 5 1 1 1 5 5 5 5 5 5 1 1 1 1 5 5 5 1 1 3 3 0 0 0 0
0 0 0 0 3 3 3 1 5 5 5 5 5 5 5 5 5 5 1 1 1 5 5 1 1 1 5 5 5 5 5 1 1 1 5 5 5 5 5 5 5 1 1 1 1 5 5 1 3 3 3 0 0 0 0
0 0 0 0 3 3 3 1 1 5 5 5 5 5 5 5 5 5 5 5 5 5 5 1 1 1 5 5 5 5 5 5 1 1 5 5 5 5 5 5 5 5 1 1 1 5 1 1 3 3 3 0 0 0 0
0 0 0 0 0 3 3 3 1 1 5 5 5 5 5 5 5 5 5 5 5 5 5 5 5 5 5 5 5 5 5 5 5 5 5 5 5 5 5 5 1 1 1 1 1 1 1 3 3 3 0 0 0 0 0
0 0 0 0 0 3 3 3 3 1 1 5 5 5 5 5 5 5 5 5 5 5 5 5 5 5 5 5 5 5 5 5 5 5 5 5 5 5 5 1 1 3 3 3 3 3 3 3 3 3 0 0 0 0 0
0 0 0 0 0 0 3 3 3 3 1 1 5 5 5 5 5 5 5 5 5 5 5 5 5 5 5 5 5 5 5 5 5 5 5 5 5 5 1 1 3 3 3 3 3 3 3 3 3 0 0 0 0 0 0
0 0 0 0 0 0 0 3 3 3 3 1 1 1 1 1 1 1 1 5 5 5 5 5 5 5 5 5 1 1 1 1 5 5 5 5 5 1 1 3 3 3 3 0 0 0 0 0 0 0 0 0 0 0 0
0 0 0 0 0 0 0 0 3 3 3 3 3 3 3 3 3 3 1 1 1 1 5 5 5 5 1 1 1 1 1 1 5 5 5 5 5 1 3 3 3 3 0 0 0 0 0 0 0 0 0 0 0 0 0
0 0 0 0 0 0 0 0 0 3 3 3 3 3 3 3 3 3 3 3 3 1 1 1 1 1 1 3 3 1 1 5 5 5 5 5 1 1 3 3 3 0 0 0 0 0 0 0 0 0 0 0 0 0 0
0 0 0 0 0 0 0 0 0 0 0 0 0 0 0 0 3 3 3 3 3 3 3 3 3 3 3 3 3 1 5 5 5 5 1 1 1 3 3 3 0 0 0 0 0 0 0 0 0 0 0 0 0 0 0
0 0 0 0 0 0 0 0 0 0 0 0 0 0 0 0 0 0 0 3 3 3 3 3 3 3 3 3 3 1 1 1 1 1 1 3 3 3 3 3 0 0 0 0 0 0 0 0 0 0 0 0 0 0 0
0 0 0 0 0 0 0 0 0 0 0 0 0 0 0 0 0 0 0 0 0 0 0 0 0 0 0 3 3 3 3 3 3 3 3 3 3 3 3 0 0 0 0 0 0 0 0 0 0 0 0 0 0 0 0
0 0 0 0 0 0 0 0 0 0 0 0 0 0 0 0 0 0 0 0 0 0 0 0 0 0 0 3 3 3 3 3 3 3 3 3 3 0 0 0 0 0 0 0 0 0 0 0 0 0 0 0 0 0 0
0 0 0 0 0 0 0 0 0 0 0 0 0 0 0 0 0 0 0 0 0 0 0 0 0 0 0 0 0 0 0 0 0 0 0 0 0 0 0 0 0 0 0 0 0 0 0 0 0 0 0 0 0 0 0
5
0 23 15 0 12 34 1 19 17 1 12 14 1 45 32
0