44 54
0 0 0 0 0 0 0 0 0 0 0 0 0 0 0 0 0 0 0 0 0 0 0 0 0 0 0 0 0 0 0 0 0 0 0 0 0 0 0 0 0 0 0 0 0 0 0 0 0 0 0 0 0 0
0 0 0 0 0 0 0 0 0 0 0 0 0 0 0 0 0 0 0 0 0 0 0 0 0 0 0 0 0 0 0 0 0 0 0 0 0 0 0 0 3 3 3 3 3 3 3 3 3 3 0 0 0 0
0 0 0 0 0 0 0 0 0 0 0 0 0 0 0 0 0 0 0 0 0 0 0 0 0 0 0 0 0 0 0 0 0 0 0 0 0 0 3 3 3 3 3 3 3 3 3 3 3 3 3 0 0 0
0 0 0 0 0 0 0 0 0 0 0 0 0 0 3 3 3 3 3 3 3 3 3 3 3 3 3 0 0 0 0 0 0 0 3 3 3 3 3 3 3 3 1 1 1 1 1 1 3 3 3 3 0 0
0 0 0 0 0 0 0 0 0 0 0 0 3 3 3 3 3 3 3 3 3 3 3 3 3 3 3 3 3 3 3 3 3 3 3 3 3 3 3 3 1 1 1 5 5 5 1 1 1 3 3 3 3 0
0 0 0 0 0 0 0 0 0 0 3 3 3 3 3 3 1 1 1 1 1 1 1 1 3 3 3 3 3 3 3 3 3 3 3 3 3 1 1 1 1 5 5 5 5 5 5 5 1 1 3 3 3 0
0 0 0 0 0 0 0 3 3 3 3 3 3 3 3 1 1 1 1 1 1 1 1 1 1 1 1 1 3 3 3 3 3 3 1 1 1 1 1 1 5 5 5 5 5 5 5 5 5 1 1 3 3 0
0 0 0 3 3 3 3 3 3 3 3 3 3 1 1 1 1 1 1 1 1 1 1 1 1 1 1 1 1 1 1 1 6 6 6 6 1 1 1 5 5 5 5 5 5 5 5 5 5 5 1 3 3 0
0 0 3 3 3 3 3 3 3 1 1 1 1 1 5 5 5 5 5 5 5 1 1 1 1 1 1 1 1 1 1 6 6 6 6 6 6 1 5 5 5 5 5 5 5 5 5 5 5 5 1 3 3 0
0 3 3 3 3 1 1 1 1 1 5 5 5 5 5 5 5 5 5 5 5 5 5 1 1 1 1 1 1 1 1 6 6 6 6 6 6 1 5 5 5 5 5 5 5 5 5 5 5 5 1 3 3 0
0 3 3 3 1 1 5 5 5 5 5 5 5 5 5 5 5 5 5 5 5 5 5 5 1 1 1 1 1 1 1 6 6 6 6 6 6 2 5 5 5 5 5 5 5 5 5 5 5 1 1 3 3 0
0 3 3 1 1 5 5 5 5 5 5 5 5 5 5 5 5 5 5 5 5 5 5 5 5 5 1 1 4 1 1 6 6 6 6 6 6 1 5 5 5 5 5 5 5 5 5 5 1 1 3 3 3 0
0 3 3 1 5 5 5 5 5 5 5 5 1 1 1 1 1 1 5 5 5 5 5 5 5 5 5 5 5 5 1 6 6 6 6 6 6 1 5 5 5 5 5 5 5 5 5 1 1 1 3 3 3 0
0 3 3 1 5 5 5 5 5 5 5 1 1 1 1 1 1 1 1 5 5 5 5 5 5 5 5 5 5 5 1 1 6 6 6 6 6 1 5 5 5 5 5 5 5 5 1 1 1 3 3 3 0 0
0 3 3 1 5 5 5 5 5 5 1 1 1 3 3 3 3 1 1 1 1 5 5 5 5 5 5 5 5 5 1 1 1 6 6 6 1 1 1 5 5 5 5 5 5 1 1 1 3 3 3 3 0 0
0 3 3 1 5 5 5 5 5 5 1 1 3 3 3 3 3 3 3 1 1 1 1 5 5 5 5 1 1 1 1 1 1 1 1 1 1 1 1 1 1 5 5 1 1 1 1 3 3 3 3 0 0 0
0 3 3 1 1 5 5 5 5 5 1 3 3 3 3 3 3 3 3 3 3 3 1 1 1 1 1 1 1 1 1 1 1 1 4 1 1 1 1 1 1 1 1 1 1 3 3 3 3 3 0 0 0 0
0 3 3 3 1 1 1 5 5 5 1 3 3 3 0 0 0 3 3 3 3 3 3 1 1 1 1 1 1 1 1 1 1 5 5 5 1 1 1 1 1 1 1 3 3 3 3 3 3 0 0 0 0 0
0 3 3 3 3 3 1 1 2 1 1 3 3 0 0 0 0 0 0 0 3 3 3 3 1 1 1 1 1 1 1 1 5 5 5 5 5 5 1 1 1 1 3 3 3 3 3 0 0 0 0 0 0 0
0 0 3 3 3 3 1 1 1 1 1 3 3 0 0 0 0 0 0 0 0 3 3 3 1 1 1 1 1 1 1 5 5 5 5 5 5 5 1 1 1 1 3 3 3 3 0 0 0 0 0 0 0 0
0 0 0 0 3 3 3 1 1 1 1 3 3 3 0 0 0 0 0 0 0 3 3 3 1 1 1 1 1 1 1 5 5 5 5 5 5 5 1 1 1 1 3 3 3 0 0 0 0 0 0 0 0 0
0 0 0 0 3 3 3 1 1 1 1 3 3 3 3 3 3 3 0 0 3 3 3 3 1 1 1 1 1 5 5 5 5 5 5 5 1 1 1 1 1 1 3 3 0 0 0 0 0 0 0 0 0 0
0 0 0 0 0 3 3 1 1 1 1 1 3 3 3 3 3 3 3 3 3 3 3 1 1 1 1 1 5 5 5 5 5 5 5 1 1 1 1 1 1 1 3 3 0 0 0 0 0 0 0 0 0 0
0 0 0 0 0 3 3 1 1 1 1 1 1 1 1 1 3 3 3 3 3 3 1 1 1 5 5 5 5 5 5 5 5 5 1 1 1 1 1 1 1 1 3 3 0 0 0 0 0 0 0 0 0 0
0 0 0 0 0 3 3 3 1 1 1 1 1 1 1 1 1 1 1 1 1 1 1 5 5 5 5 5 5 5 5 5 5 5 1 1 1 1 1 1 1 1 3 3 3 0 0 0 0 0 0 0 0 0
0 0 0 0 0 3 3 3 1 1 1 1 1 4 1 1 5 5 5 5 5 5 5 5 5 5 5 5 5 5 5 5 5 5 5 1 1 1 2 1 1 1 3 3 3 3 0 0 0 0 0 0 0 0
0 0 0 0 0 0 3 3 1 1 1 1 5 5 5 5 5 5 5 5 5 5 5 5 5 5 5 5 5 5 5 5 5 5 5 5 5 5 5 5 1 1 1 3 3 3 3 3 0 0 0 0 0 0
0 0 0 0 0 0 3 3 1 1 1 1 5 5 5 5 5 5 5 5 5 5 5 5 5 5 5 5 5 5 5 5 5 5 5 5 5 5 5 5 5 1 1 1 3 3 3 3 3 0 0 0 0 0
0 0 0 0 0 0 3 3 3 1 1 1 1 5 5 5 5 5 5 5 5 5 5 5 5 5 5 5 5 5 5 5 5 5 5 5 5 5 5 5 5 5 1 1 1 1 3 3 3 0 0 0 0 0
0 0 0 0 0 0 3 3 3 1 1 1 1 1 5 5 5 5 5 5 5 5 5 5 5 5 5 5 5 5 5 1 1 5 5 5 5 5 5 5 5 5 5 5 1 1 1 3 3 0 0 0 0 0
0 0 0 0 0 0 0 3 3 1 1 1 1 1 1 5 5 5 5 5 5 5 5 5 5 5 5 5 5 5 1 1 1 1 5 5 5 5 5 5 5 5 5 5 5 5 1 3 3 0 0 0 0 0
0 0 0 0 0 0 0 3 3 1 1 1 1 1 1 1 1 1 5 5 5 5 5 5 5 5 5 5 5 1 1 1 1 1 1 1 5 5 5 5 5 5 5 5 5 5 1 3 3 0 0 0 0 0
0 0 0 0 0 0 3 3 3 1 1 1 1 1 1 3 3 1 1 1 1 5 5 5 5 5 5 5 5 1 6 6 6 6 1 1 1 1 5 5 5 5 5 5 5 5 1 3 3 0 0 0 0 0
0 0 0 0 0 3 3 3 3 1 1 1 1 1 3 3 3 3 3 1 1 1 5 5 5 5 5 5 5 2 6 6 6 6 6 1 1 1 1 5 5 5 5 5 5 5 1 3 3 0 0 0 0 0
0 0 0 0 0 3 3 3 1 1 1 1 1 1 3 3 3 3 3 3 1 1 1 1 5 5 5 5 5 1 6 6 6 6 6 6 6 1 1 1 5 5 5 5 5 1 1 3 3 0 0 0 0 0
0 0 0 0 0 3 3 1 1 5 5 5 1 1 3 3 3 3 3 3 3 1 1 1 1 5 5 5 5 1 1 6 6 6 6 6 6 6 6 1 5 5 5 5 1 1 1 3 3 0 0 0 0 0
0 0 0 0 0 3 3 1 5 5 5 5 5 1 1 3 3 0 3 3 3 3 3 1 1 1 5 5 5 1 1 1 1 6 6 6 6 6 6 2 5 5 5 5 1 1 1 3 3 0 0 0 0 0
0 0 0 0 0 3 3 1 5 5 5 5 5 5 1 3 3 0 0 3 3 3 3 3 3 1 1 5 1 1 1 1 1 1 1 6 6 6 6 1 5 5 5 5 5 1 1 3 3 0 0 0 0 0
0 0 0 0 0 3 3 1 1 5 5 5 5 5 1 3 3 0 0 0 0 3 3 3 3 3 1 1 1 1 1 1 1 1 1 1 1 1 1 1 5 5 5 5 5 1 1 3 3 0 0 0 0 0
0 0 0 0 0 3 3 3 1 1 1 5 5 1 1 3 3 0 0 0 0 0 0 3 3 3 3 3 3 3 3 3 1 1 1 1 1 1 1 1 5 5 5 1 1 1 3 3 3 0 0 0 0 0
0 0 0 0 0 3 3 3 3 1 1 1 1 1 3 3 3 0 0 0 0 0 0 0 3 3 3 3 3 3 3 3 3 3 3 3 3 3 1 1 1 1 1 1 1 3 3 3 3 0 0 0 0 0
0 0 0 0 0 0 3 3 3 3 3 3 3 3 3 3 3 0 0 0 0 0 0 0 0 0 0 0 0 0 3 3 3 3 3 3 3 3 3 3 3 3 3 3 3 3 3 3 0 0 0 0 0 0
0 0 0 0 0 0 0 3 3 3 3 3 3 3 3 3 0 0 0 0 0 0 0 0 0 0 0 0 0 0 0 0 0 0 0 0 3 3 3 3 3 3 3 3 3 3 3 0 0 0 0 0 0 0
0 0 0 0 0 0 0 0 0 0 0 0 0 0 0 0 0 0 0 0 0 0 0 0 0 0 0 0 0 0 0 0 0 0 0 0 0 0 0 0 0 0 0 0 0 0 0 0 0 0 0 0 0 0
2
2
0 11 5
1 20 24
8
5 28 18
5 30 25
5 24 31
5 36 42
6 32 9
6 10 40
6 5 16
7 34 33
7
7 37 10
2 21 9 10 1
3 7 24 12 1
3 27 14 24 3
5 10 13
5 33 42
6 9 44
2
0 9 42
1 32 9
16
5 22 15
5 34 21
5 37 46
5 24 41
5 12 15
5 14 4
5 9 10
5 33 13
5 5 34
5 18 29
5 16 23
5 26 8
5 13 39
5 38 11
6 5 16
6 34 33
8
0 18 26
0 13 31
1 27 22
1 30 40
3 10 11 12 1
4 25 29
6 23 9
7 35 42