69 70
0 0 0 0 0 0 0 0 0 0 0 0 0 0 0 0 0 0 0 0 0 0 0 0 0 0 0 0 0 0 0 0 0 0 0 0 0 0 0 0 0 0 0 0 0 0 0 0 0 0 0 0 0 0 0 0 0 0 0 0 0 0 0 0 0 0 0 0 0 0
0 0 0 0 0 0 0 0 0 0 3 3 3 3 3 3 3 3 3 3 3 3 0 0 0 0 0 0 0 0 0 0 0 0 0 0 0 0 0 0 0 0 0 0 0 0 0 0 0 0 0 0 0 3 3 3 3 3 3 3 3 3 0 0 0 0 0 0 0 0
0 0 0 0 0 0 0 0 0 3 3 3 3 3 3 3 3 3 3 3 3 3 3 0 0 0 0 0 0 0 0 0 0 0 0 0 0 0 0 0 0 0 0 0 0 0 0 0 0 0 0 3 3 3 3 3 3 3 3 3 3 3 3 3 0 0 0 0 0 0
0 0 0 0 0 0 0 0 3 3 3 3 3 3 3 3 3 3 3 3 3 3 3 0 0 0 0 0 0 0 0 0 0 0 0 0 0 0 0 0 0 0 0 0 0 0 0 0 0 0 3 3 3 3 3 3 3 3 3 3 3 3 3 3 0 0 0 0 0 0
0 0 0 0 0 0 3 3 3 3 3 3 1 1 1 1 1 1 1 1 3 3 3 3 0 0 0 0 0 0 0 0 0 0 0 0 0 0 0 0 0 0 0 0 0 0 0 3 3 3 3 3 3 3 1 1 1 1 1 1 1 3 3 3 3 3 0 0 0 0
0 0 0 0 0 3 3 3 3 3 3 1 1 1 1 1 1 1 1 1 3 3 3 3 0 0 0 0 0 0 0 0 0 0 0 0 0 0 0 0 0 0 0 0 0 0 3 3 3 3 3 3 3 1 1 1 1 1 1 1 1 1 3 3 3 3 3 0 0 0
0 0 0 0 3 3 3 3 3 1 1 1 1 1 5 5 5 1 1 1 1 3 3 3 0 0 0 0 0 0 0 0 0 0 0 0 0 0 0 0 0 0 0 0 0 0 3 3 3 3 1 1 1 1 1 5 5 5 5 5 1 1 1 3 3 3 3 3 0 0
0 0 0 0 3 3 3 3 1 1 1 1 1 5 5 5 5 5 5 1 1 3 3 3 0 0 0 0 0 0 0 0 0 0 0 0 0 0 0 0 0 0 0 0 0 3 3 3 3 3 1 1 1 5 5 5 5 5 5 5 5 1 1 1 3 3 3 3 3 0
0 0 0 3 3 3 3 1 1 1 1 1 5 5 5 5 5 5 5 1 1 3 3 3 3 0 0 0 0 0 0 0 0 0 0 0 0 0 0 0 0 0 0 0 0 3 3 3 3 1 1 1 5 5 5 5 5 5 5 5 5 5 1 1 1 3 3 3 3 0
0 0 0 3 3 3 1 1 1 1 1 5 5 5 5 5 5 5 5 1 1 1 3 3 3 0 0 0 0 0 0 0 0 0 0 0 0 0 0 0 0 0 0 0 3 3 3 3 1 1 1 5 5 5 5 5 5 5 5 5 5 5 5 1 1 3 3 3 3 0
0 0 3 3 3 3 1 1 1 1 5 5 5 5 5 5 5 5 5 1 1 1 3 3 3 0 0 0 0 0 0 0 0 0 0 0 0 0 0 0 0 0 0 0 3 3 3 1 1 1 1 5 5 5 5 5 5 5 5 5 5 5 5 1 1 1 3 3 3 0
0 0 3 3 3 3 1 1 1 1 5 5 5 5 5 5 5 5 5 5 1 1 3 3 3 0 0 0 0 0 0 0 0 0 0 0 0 0 0 0 0 0 0 0 3 3 3 1 1 1 5 5 5 5 5 5 5 5 5 5 5 5 5 1 1 1 1 3 3 0
0 0 3 3 3 1 1 1 1 5 5 5 5 5 5 5 5 5 5 5 1 1 3 3 3 0 0 0 0 0 0 0 0 0 0 0 0 0 0 0 0 0 0 3 3 3 3 1 1 1 5 5 5 5 5 5 5 5 5 5 5 5 5 5 1 1 1 3 3 0
0 0 3 3 3 1 1 1 5 5 5 5 5 5 5 5 5 5 5 5 1 1 3 3 3 0 0 0 0 0 0 0 0 0 0 0 0 0 0 0 0 3 3 3 3 3 1 1 1 5 5 5 5 5 5 5 5 5 5 5 5 5 5 5 1 1 1 3 3 0
0 0 3 3 3 1 1 1 5 5 5 5 5 5 5 5 5 5 5 5 1 1 3 3 3 3 0 0 0 0 0 0 0 0 0 0 0 0 0 0 3 3 3 3 3 3 1 1 5 5 5 5 5 5 5 5 5 5 5 5 5 5 5 5 1 1 1 3 3 0
0 0 3 3 3 1 1 5 5 5 5 5 5 5 5 5 5 5 5 5 1 1 1 3 3 3 0 0 0 0 0 0 0 0 0 0 0 0 0 0 3 3 3 3 1 1 1 1 5 5 5 5 5 5 5 5 5 5 5 5 5 5 5 5 1 1 1 3 3 0
0 3 3 3 3 1 1 5 5 5 5 5 5 5 5 5 5 5 5 5 1 1 1 3 3 3 0 0 0 0 0 0 0 0 0 0 0 0 0 3 3 3 3 1 1 1 1 5 5 5 5 5 5 5 5 5 5 5 5 5 5 5 5 1 1 1 1 3 3 0
0 3 3 3 3 1 1 5 5 5 5 5 5 5 5 5 5 5 5 5 5 1 1 3 3 3 0 0 0 0 0 0 0 0 0 0 0 3 3 3 3 3 1 1 1 1 5 5 5 5 5 5 5 5 5 5 5 5 5 5 5 5 5 1 1 1 1 3 3 0
0 3 3 3 3 1 1 5 5 5 5 5 5 5 5 5 5 5 5 5 5 1 1 3 3 3 3 0 0 0 0 0 0 0 0 0 0 3 3 3 3 3 1 1 1 5 5 5 5 5 5 5 5 5 5 5 5 5 5 5 5 5 1 1 1 1 3 3 3 0
0 3 3 3 1 1 1 5 5 5 5 5 5 5 5 5 5 5 5 5 5 1 1 1 3 3 3 0 0 0 0 0 0 0 0 0 3 3 3 3 1 1 1 1 5 5 5 5 5 5 5 5 5 5 5 5 5 5 5 5 5 1 1 1 1 3 3 3 3 0
0 3 3 3 1 1 1 5 5 5 5 5 5 5 5 5 5 5 5 5 5 1 1 1 3 3 3 0 0 0 0 0 0 0 3 3 3 3 3 1 1 1 1 5 5 5 5 5 5 5 5 5 5 5 5 5 5 5 5 5 1 1 1 1 1 3 3 3 3 0
0 3 3 3 1 1 5 5 5 5 5 5 5 5 5 5 5 5 5 5 5 5 1 1 3 3 3 0 0 0 0 0 0 3 3 3 3 3 3 1 1 1 5 5 5 5 5 5 5 5 5 5 5 5 5 5 5 1 1 1 1 1 1 1 1 3 3 3 3 0
0 3 3 3 1 1 5 5 5 5 5 5 5 5 5 5 5 5 5 5 5 5 1 1 3 3 3 0 0 0 0 0 3 3 3 3 3 1 1 1 1 5 5 5 5 5 5 5 5 5 5 5 5 5 1 1 1 1 1 1 1 1 1 1 3 3 3 3 3 0
0 3 3 3 1 1 5 5 5 5 5 5 5 5 5 5 5 5 5 5 5 5 1 1 3 3 3 3 0 0 0 3 3 3 3 3 1 1 1 1 5 5 5 5 5 5 5 5 5 5 5 5 1 1 1 1 1 1 1 1 1 1 1 1 3 3 3 3 3 0
0 3 3 3 1 1 5 5 5 5 5 5 5 5 5 5 5 5 5 5 5 5 1 1 3 3 3 3 3 3 3 3 3 3 3 3 1 1 1 5 5 5 5 5 5 5 5 5 5 5 5 1 1 1 1 1 3 3 3 3 3 1 1 1 3 3 3 3 3 0
0 3 3 3 1 1 5 5 5 5 5 5 5 5 5 5 5 5 5 5 5 5 1 1 3 3 3 3 3 3 3 3 3 3 1 1 1 1 5 5 5 5 5 5 5 5 5 5 5 5 1 1 1 1 3 3 3 3 3 3 3 3 1 1 3 3 3 3 3 0
0 3 3 3 1 1 1 5 5 5 5 5 5 5 5 5 5 5 5 5 5 5 1 1 1 3 3 3 3 3 3 3 1 1 1 1 1 5 5 5 5 5 5 5 5 5 5 5 5 5 1 1 1 1 3 3 3 3 3 3 3 3 1 1 1 3 3 3 3 0
0 3 3 3 1 1 1 5 5 5 5 5 5 5 5 5 5 5 5 5 5 5 5 1 1 1 1 1 1 1 1 1 1 1 1 1 5 5 5 5 5 5 5 5 5 5 5 5 5 5 5 1 1 1 1 3 3 3 3 3 1 1 1 1 1 3 3 3 3 0
0 3 3 3 3 1 1 5 5 5 5 5 5 5 5 5 5 5 5 5 5 5 5 1 1 1 1 1 1 1 1 1 1 1 1 5 5 5 5 5 5 5 5 5 5 5 5 5 5 5 5 1 1 1 1 1 3 3 3 1 1 1 1 1 1 3 3 3 3 0
0 3 3 3 3 1 1 1 5 5 5 5 5 5 5 5 5 5 5 5 5 5 5 5 5 5 5 5 5 5 5 5 5 5 5 5 5 5 5 5 5 5 5 5 5 5 5 5 5 5 5 5 1 1 1 1 1 1 1 1 1 1 1 1 1 1 3 3 3 0
0 0 3 3 3 1 1 1 5 5 5 5 5 5 5 5 5 5 5 5 5 5 5 5 5 5 5 5 5 5 5 5 5 5 5 5 5 5 5 5 5 5 5 5 5 5 5 5 5 5 5 5 5 1 1 1 1 1 1 1 1 5 5 1 1 1 3 3 3 0
0 0 3 3 3 3 1 1 5 5 5 5 5 5 5 5 5 5 5 5 5 5 5 5 5 5 5 5 5 5 5 5 5 5 5 5 5 5 5 5 5 5 5 5 5 5 5 5 5 5 5 5 5 5 5 1 1 1 1 5 5 5 5 5 1 1 1 3 3 0
0 0 3 3 3 3 1 1 1 5 5 5 5 5 5 5 5 5 5 5 5 5 5 5 5 5 5 5 5 5 5 5 5 5 5 5 5 5 5 5 5 5 5 5 5 5 5 5 5 5 5 5 5 5 5 5 5 5 5 5 5 5 5 5 1 1 1 3 3 0
0 0 0 3 3 3 1 1 1 1 5 5 5 5 5 5 5 5 5 5 5 5 5 5 5 5 5 5 5 5 5 5 5 5 5 5 5 5 5 5 5 5 5 5 5 5 5 5 5 5 5 5 5 5 5 5 5 5 5 5 5 5 5 5 5 1 1 3 3 0
0 3 3 3 3 3 3 1 1 1 5 5 5 5 5 5 5 5 5 5 5 5 1 1 1 5 5 5 5 5 1 1 1 1 5 5 5 5 5 5 5 5 5 5 5 5 5 5 5 5 5 5 5 5 5 5 5 5 5 5 5 5 5 5 5 5 1 3 3 0
0 3 3 3 3 3 3 3 1 1 5 5 5 5 5 5 5 5 5 5 5 1 1 1 1 1 1 1 1 1 1 1 1 1 1 1 5 5 5 5 5 5 5 5 5 5 5 5 5 5 5 5 5 5 5 5 5 5 5 5 5 5 5 5 5 5 1 3 3 0
0 3 3 3 3 3 3 3 1 1 5 5 5 5 5 5 5 5 5 5 1 1 1 1 1 1 1 1 1 1 1 1 1 1 1 1 1 1 5 5 5 5 5 5 5 5 5 5 5 5 5 5 5 5 5 5 5 5 5 5 5 5 5 5 5 5 1 3 3 0
0 3 3 1 1 1 1 1 1 1 5 5 5 5 5 5 5 5 1 1 1 1 3 3 3 3 3 3 3 3 3 3 1 1 1 1 1 1 5 5 5 5 5 5 5 5 5 5 5 5 5 5 5 5 5 5 5 5 5 5 5 5 5 5 5 1 1 3 3 0
0 3 3 1 1 1 1 1 1 1 5 5 5 5 5 5 5 1 1 1 3 3 3 3 3 3 3 3 3 3 3 3 3 3 1 1 1 1 1 5 5 5 5 5 5 5 5 5 5 5 5 5 5 5 5 5 5 5 5 5 5 5 5 5 5 1 3 3 3 0
0 3 3 1 5 5 5 5 5 5 5 5 5 5 5 1 1 1 1 3 3 3 3 3 3 3 3 3 3 3 3 3 3 3 3 1 1 1 1 1 1 5 5 5 5 5 5 5 5 5 5 5 5 5 5 5 5 5 5 5 5 5 5 5 1 1 3 3 3 0
0 3 3 1 5 5 5 5 5 5 5 5 5 5 1 1 1 1 3 3 3 3 3 0 0 0 0 0 0 0 3 3 3 3 3 3 3 1 1 1 1 1 5 5 5 5 5 5 5 5 5 5 5 5 5 5 5 5 5 5 5 5 5 1 1 3 3 3 0 0
0 3 3 1 5 5 5 5 5 5 5 5 5 5 1 1 3 3 3 3 3 3 0 0 0 0 0 0 0 0 0 0 3 3 3 3 3 3 1 1 1 1 5 5 5 5 5 5 5 5 5 5 5 5 5 5 5 5 5 5 5 5 1 1 3 3 3 3 0 0
0 3 3 1 5 5 5 5 5 5 5 5 5 5 1 3 3 3 3 3 3 0 0 0 0 0 0 0 0 0 0 0 0 0 3 3 3 3 3 1 1 1 1 5 5 5 5 5 5 5 5 5 5 5 5 5 5 5 5 5 5 5 1 3 3 3 3 0 0 0
0 3 3 1 5 5 5 5 5 5 5 5 5 5 1 3 3 3 3 3 3 0 0 0 0 0 0 0 0 0 0 0 0 0 0 3 3 3 3 3 3 1 1 1 5 5 5 5 5 5 5 5 5 5 5 5 5 5 5 5 5 5 1 3 3 3 0 0 0 0
0 3 3 1 5 5 5 5 5 5 5 5 5 5 1 3 3 3 3 3 0 0 0 0 0 0 0 0 0 0 0 0 0 0 0 0 3 3 3 3 3 3 1 1 1 5 5 5 5 5 5 5 5 5 5 5 5 5 5 5 5 1 1 3 3 0 0 0 0 0
0 3 3 1 5 5 5 5 5 5 5 5 5 5 1 3 3 3 3 0 0 0 0 0 0 0 0 0 0 0 0 0 0 0 0 0 0 3 3 3 3 3 3 1 1 1 5 5 5 5 5 5 5 5 5 5 5 5 5 5 5 1 3 3 3 0 0 0 0 0
0 3 3 1 5 5 5 5 5 5 5 5 5 5 1 3 3 3 3 0 0 0 0 0 0 0 0 0 0 0 0 0 0 0 0 0 0 0 3 3 3 3 3 3 1 1 1 5 5 5 5 5 5 5 5 5 5 5 5 5 5 1 3 3 3 3 0 0 0 0
0 3 3 1 5 5 5 5 5 5 5 5 5 5 1 3 3 3 3 0 0 0 0 0 0 0 0 0 0 0 0 0 0 0 0 0 0 0 0 3 3 3 3 3 1 1 1 5 5 5 5 5 5 5 5 5 5 5 5 5 5 1 1 3 3 3 0 0 0 0
0 3 3 1 5 5 5 5 5 5 5 5 5 5 1 3 3 3 3 0 0 0 0 0 0 0 0 0 0 0 0 0 0 0 0 0 0 0 0 0 3 3 3 3 3 1 1 1 5 5 5 5 5 5 5 5 5 5 5 5 5 5 1 1 3 3 0 0 0 0
0 3 3 1 5 5 5 5 5 5 5 5 5 5 1 3 3 3 3 0 0 0 0 0 0 0 0 0 0 0 0 0 0 0 0 0 0 0 0 0 0 3 3 3 3 1 1 1 1 5 5 5 5 5 5 5 5 5 5 5 5 5 5 1 3 3 0 0 0 0
0 3 3 1 5 5 5 5 5 5 5 5 5 5 1 3 3 3 3 0 0 0 0 0 0 0 0 0 0 0 0 0 0 0 0 0 0 0 0 0 0 0 3 3 3 3 1 1 1 5 5 5 5 5 5 5 5 5 5 5 5 5 5 1 3 3 0 0 0 0
0 3 3 1 5 5 5 5 5 5 5 5 5 5 1 3 3 3 3 0 0 0 0 0 0 0 0 0 0 0 0 0 0 0 0 0 0 0 0 0 0 0 3 3 3 3 3 1 1 5 5 5 5 5 5 5 5 5 5 5 5 5 5 1 3 3 3 0 0 0
0 3 3 1 5 5 5 5 5 5 5 5 5 5 1 3 3 3 3 0 0 0 0 0 0 0 0 0 0 0 0 0 0 0 0 0 0 0 0 0 0 0 0 3 3 3 3 1 1 5 5 5 5 5 5 5 5 5 5 5 5 5 5 1 3 3 3 0 0 0
0 3 3 1 5 5 5 5 5 5 5 5 5 5 1 3 3 3 3 0 0 0 0 0 0 0 0 0 0 0 0 0 0 0 0 0 0 0 0 0 0 0 0 3 3 3 3 1 1 5 5 5 5 5 5 5 5 5 5 5 5 5 5 1 1 3 3 0 0 0
0 3 3 1 5 5 5 5 5 5 5 5 5 5 1 3 3 3 3 0 0 0 0 0 0 0 0 0 0 0 0 0 0 0 0 0 0 0 0 0 0 0 0 3 3 3 1 1 1 5 5 5 5 5 5 5 5 5 5 5 5 5 5 5 1 3 3 0 0 0
0 3 3 1 1 1 2 1 1 1 1 2 1 1 1 3 3 3 3 0 0 0 0 0 0 0 0 0 0 0 0 0 0 0 0 0 0 0 0 0 0 0 3 3 3 3 1 1 5 5 5 5 5 5 5 5 5 5 5 5 5 5 5 5 1 3 3 0 0 0
0 3 3 3 1 1 1 1 1 1 1 1 1 1 3 3 3 3 3 0 0 0 0 0 0 0 0 0 0 0 0 0 0 0 0 0 0 0 0 0 0 0 3 3 3 3 1 1 5 5 5 5 5 5 5 5 5 5 5 5 5 5 5 5 1 3 3 0 0 0
0 3 3 3 6 6 6 6 6 6 6 6 6 6 3 3 3 3 3 0 0 0 0 0 0 0 0 0 0 0 0 0 0 0 0 0 0 0 0 0 0 0 3 3 3 1 1 1 5 5 5 5 5 5 5 5 5 5 5 5 5 5 5 5 1 3 3 0 0 0
0 3 3 3 6 6 6 6 6 6 6 6 6 6 3 3 3 3 3 0 0 0 0 0 0 0 0 0 0 0 0 0 0 0 0 0 0 0 0 0 0 0 3 3 3 1 1 5 5 5 5 5 5 5 5 5 5 5 5 5 5 5 5 5 1 3 3 0 0 0
0 3 3 3 6 6 6 6 6 6 6 6 6 6 3 3 3 3 0 0 0 0 0 0 0 0 0 0 0 0 0 0 0 0 0 0 0 0 0 0 0 0 3 3 3 1 1 5 5 5 5 5 5 5 5 5 5 5 5 5 5 5 5 1 1 3 3 0 0 0
0 3 3 3 6 6 6 6 6 6 6 6 6 6 3 3 3 3 0 0 0 0 0 0 0 0 0 0 0 0 0 0 0 0 0 0 0 0 0 0 0 0 3 3 3 1 1 5 5 5 5 5 5 5 5 5 5 5 5 5 5 5 5 1 3 3 3 0 0 0
0 3 3 3 6 6 6 6 6 6 6 6 6 6 3 3 3 3 0 0 0 0 0 0 0 0 0 0 0 0 0 0 0 0 0 0 0 0 0 0 0 0 3 3 3 1 1 5 5 5 5 5 5 5 5 5 5 5 5 5 5 5 1 1 3 3 3 0 0 0
0 3 3 3 6 6 6 6 6 6 6 6 6 6 3 3 3 3 0 0 0 0 0 0 0 0 0 0 0 0 0 0 0 0 0 0 0 0 0 0 0 0 3 3 3 1 1 1 5 5 5 5 5 5 5 5 5 5 5 5 5 1 1 3 3 3 0 0 0 0
0 3 3 3 6 6 6 6 6 6 6 6 6 6 3 3 3 3 0 0 0 0 0 0 0 0 0 0 0 0 0 0 0 0 0 0 0 0 0 0 0 0 3 3 3 3 1 1 1 1 1 5 5 5 5 5 5 5 5 1 1 1 3 3 3 3 0 0 0 0
0 3 3 3 6 6 6 6 6 6 6 6 6 6 3 3 3 3 0 0 0 0 0 0 0 0 0 0 0 0 0 0 0 0 0 0 0 0 0 0 0 0 0 3 3 3 3 3 1 1 1 1 5 5 5 5 5 5 1 1 3 3 3 3 3 0 0 0 0 0
0 3 3 3 6 6 6 6 6 6 6 6 6 6 3 3 3 3 0 0 0 0 0 0 0 0 0 0 0 0 0 0 0 0 0 0 0 0 0 0 0 0 0 0 3 3 3 3 3 3 3 1 1 1 1 1 1 1 1 3 3 3 3 3 0 0 0 0 0 0
0 3 3 3 3 3 3 3 3 3 3 3 3 3 3 3 3 3 0 0 0 0 0 0 0 0 0 0 0 0 0 0 0 0 0 0 0 0 0 0 0 0 0 0 0 0 3 3 3 3 3 3 3 3 3 3 3 3 3 3 3 3 0 0 0 0 0 0 0 0
0 3 3 3 3 3 3 3 3 3 3 3 3 3 3 3 3 3 0 0 0 0 0 0 0 0 0 0 0 0 0 0 0 0 0 0 0 0 0 0 0 0 0 0 0 0 0 0 0 3 3 3 3 3 3 3 3 3 3 3 3 0 0 0 0 0 0 0 0 0
0 0 0 0 0 0 0 0 0 0 0 0 0 0 0 0 0 0 0 0 0 0 0 0 0 0 0 0 0 0 0 0 0 0 0 0 0 0 0 0 0 0 0 0 0 0 0 0 0 0 0 0 0 0 0 0 0 0 0 0 0 0 0 0 0 0 0 0 0 0
2
3
0 60 7
1 9 15
1 34 61
10
5 23 13
5 18 14
5 19 15
5 39 4
5 20 11
5 25 18
5 20 43
6 38 46
7 9 56
7 57 57
3
0 30 61
1 62 8
1 61 54
12
3 6 55
5 64 4
5 64 13
5 39 4
5 33 25
5 36 17
5 47 48
5 58 47
5 18 45
6 23 10
6 11 15
7 32 43