60 54
0 0 0 0 0 0 0 0 0 0 0 0 0 0 0 0 0 0 0 0 0 0 0 0 0 0 0 0 0 0 0 0 0 0 0 0 0 0 0 0 0 0 0 0 0 0 0 0 0 0 0 0 0 0
0 0 0 0 0 0 0 0 0 0 0 0 0 0 0 0 0 0 0 3 3 3 3 3 3 3 3 3 3 0 0 0 0 0 0 0 0 0 0 0 3 3 3 3 3 3 3 3 3 3 3 3 3 0
0 0 0 0 0 0 0 0 0 0 3 3 3 3 3 3 3 3 3 3 3 3 3 3 3 3 3 3 3 0 0 0 0 0 0 0 0 0 0 3 3 3 3 3 3 3 3 3 3 3 3 3 3 0
0 0 0 0 0 0 0 3 3 3 3 3 3 3 3 3 3 3 3 3 3 1 1 1 1 1 1 3 3 0 0 0 0 0 0 0 0 0 3 3 3 3 1 1 1 1 1 1 3 3 3 3 3 0
0 0 0 0 0 3 3 3 3 3 3 3 1 1 1 1 3 3 3 3 1 1 5 5 5 5 1 3 3 0 0 0 0 0 0 0 0 3 3 3 3 1 1 5 5 5 5 1 1 3 3 3 3 0
0 0 0 3 3 3 3 3 3 1 1 1 1 5 5 1 1 3 3 1 1 5 5 5 5 1 1 3 3 3 3 3 3 3 3 3 3 3 3 3 1 1 5 5 5 5 5 5 1 3 3 3 3 0
0 0 3 3 3 3 3 1 1 1 5 5 5 5 5 5 1 1 1 1 5 5 5 5 5 1 1 3 3 3 3 3 3 3 3 3 3 3 3 1 1 5 5 5 5 5 5 5 1 3 3 3 3 0
0 0 3 3 3 1 1 1 5 5 5 5 5 5 5 5 5 5 5 5 5 5 5 5 5 1 1 1 1 1 1 1 1 1 1 1 1 1 1 1 5 5 5 5 5 5 5 5 1 1 3 3 3 0
0 0 3 3 1 1 5 5 5 5 5 5 5 5 5 5 5 5 5 5 5 5 5 5 5 5 5 5 5 5 1 1 5 5 5 5 5 1 1 1 5 5 5 5 5 5 5 5 5 1 3 3 3 0
0 3 3 3 1 5 5 5 5 5 5 5 5 5 5 5 5 5 5 5 5 5 5 5 5 5 5 5 5 5 1 1 5 5 5 5 5 1 1 5 5 5 5 5 5 5 5 5 5 1 3 3 3 0
0 3 3 3 1 1 5 5 5 5 1 1 1 5 5 5 5 5 5 5 5 5 5 5 5 5 5 5 5 5 1 1 5 5 5 5 5 1 1 5 5 5 5 5 5 5 5 5 5 1 1 3 3 0
0 3 3 1 1 1 1 1 1 1 1 1 1 5 5 5 5 5 5 5 5 5 5 5 5 5 5 5 5 5 1 1 5 5 5 5 5 1 1 5 5 5 5 5 5 5 5 5 5 5 1 3 3 0
0 3 3 6 6 6 6 6 6 6 6 1 1 5 5 5 5 5 5 5 5 1 1 1 1 1 5 5 5 1 1 1 1 5 5 5 1 1 1 1 5 5 5 5 5 5 5 5 5 5 1 3 3 0
0 3 3 6 6 6 6 6 6 6 6 1 5 5 5 5 5 5 5 5 5 1 1 1 1 1 5 5 5 1 1 1 1 5 5 5 1 1 1 1 5 5 5 5 5 5 5 5 5 5 1 3 3 0
0 3 3 6 6 6 6 6 6 6 6 1 5 5 5 5 5 5 5 5 5 5 5 5 5 5 5 5 5 5 5 5 5 5 5 5 5 5 5 5 5 5 5 5 5 5 5 5 5 5 1 3 3 0
0 3 3 6 6 6 6 6 6 6 6 1 5 5 5 5 5 5 5 5 5 5 5 5 5 5 5 5 5 5 5 5 5 5 5 5 5 5 5 5 5 5 5 5 5 5 5 5 5 5 1 3 3 0
0 3 3 6 6 6 6 6 6 6 6 2 5 5 5 5 5 5 5 5 5 5 5 5 5 5 5 5 5 5 5 5 5 5 5 5 5 5 5 5 5 5 5 5 5 5 5 5 5 5 1 3 3 0
0 3 3 6 6 6 6 6 6 6 6 1 5 5 5 5 5 5 5 5 5 5 5 5 5 5 5 5 5 5 5 5 5 5 5 5 5 5 5 5 5 5 5 5 5 5 5 5 5 5 1 3 3 0
0 3 3 6 6 6 6 6 6 6 6 1 5 5 5 5 5 5 5 5 5 5 1 1 1 1 5 5 5 1 1 1 1 5 5 5 1 1 5 5 5 5 5 5 5 5 5 5 5 5 1 3 3 0
0 3 3 3 1 1 1 1 4 1 1 1 5 5 5 5 5 5 5 5 5 5 1 1 1 1 5 5 5 1 1 1 1 5 5 5 1 1 5 5 5 5 5 5 5 5 5 5 5 1 1 3 3 0
0 3 3 3 1 1 5 5 5 5 5 5 5 5 5 5 5 5 5 5 5 5 5 1 1 5 5 5 5 5 1 1 5 5 5 5 5 5 5 5 5 5 5 5 5 5 5 5 5 1 3 3 3 0
0 0 3 3 1 5 5 5 5 5 5 5 5 5 5 5 5 5 5 5 5 5 5 1 1 5 5 5 5 5 1 1 5 5 5 5 5 5 5 5 5 5 5 5 5 5 5 5 5 1 3 3 3 0
0 0 3 3 1 1 5 5 5 5 5 5 5 5 5 5 5 5 5 5 5 5 5 1 1 5 5 5 5 5 1 1 5 5 5 5 5 5 5 5 5 5 5 5 5 5 5 5 1 1 3 3 0 0
0 0 3 3 3 1 5 5 5 5 5 5 5 5 5 5 5 5 5 5 5 5 5 1 1 5 5 5 5 5 1 1 5 5 5 5 5 5 5 5 5 5 5 5 5 5 5 1 1 3 3 3 0 0
0 0 3 3 3 1 5 5 5 5 5 5 5 5 5 5 5 1 1 1 1 1 1 1 1 1 1 1 1 1 1 1 5 5 5 5 5 5 5 5 5 5 5 5 5 5 1 1 3 3 3 3 0 0
0 0 0 3 3 1 1 5 5 5 5 1 1 1 5 5 5 1 1 3 3 3 3 3 3 1 1 1 1 1 1 1 5 5 5 5 5 5 5 5 5 5 5 5 1 1 1 3 3 3 3 0 0 0
0 0 0 3 3 3 1 5 5 5 1 1 1 1 1 1 1 1 3 3 3 3 3 3 3 3 1 1 1 1 5 5 5 5 5 5 5 5 5 5 5 5 5 1 1 3 3 3 3 3 0 0 0 0
0 0 0 3 3 3 1 5 5 5 1 1 3 3 3 3 3 3 3 3 3 3 3 3 3 3 1 1 5 5 5 5 5 5 5 5 5 5 5 5 5 5 1 1 3 3 3 3 3 0 0 0 0 0
0 0 0 0 3 3 1 5 5 5 1 3 3 3 3 3 3 3 3 3 3 3 3 3 3 1 1 5 5 5 5 5 5 5 5 5 5 5 5 5 1 1 1 3 3 3 3 3 3 3 3 3 0 0
0 0 0 0 3 3 1 5 5 5 1 3 3 3 3 3 3 3 3 3 3 3 3 3 1 1 5 5 5 5 5 5 5 5 5 5 5 5 5 1 1 3 3 3 3 3 3 3 3 3 3 3 3 0
0 0 0 0 3 3 1 5 5 5 1 3 3 3 3 3 3 3 3 3 3 3 3 3 1 5 5 5 5 5 5 5 5 5 5 5 5 5 1 1 3 3 3 3 3 3 3 1 1 1 3 3 3 0
0 0 0 0 3 3 1 5 5 5 1 3 3 3 3 3 3 3 3 3 3 3 3 1 1 5 5 5 5 5 5 5 5 5 5 5 5 1 1 1 3 3 3 3 3 3 1 1 1 1 1 3 3 0
0 0 0 0 3 3 1 5 5 5 1 1 3 3 3 3 3 3 3 3 3 3 1 1 5 5 5 5 5 5 5 5 5 5 5 5 1 1 1 1 3 3 3 3 3 3 1 1 1 1 1 3 3 0
0 0 0 0 3 3 1 5 5 5 1 1 1 1 1 1 1 1 1 1 1 1 1 1 5 5 5 5 5 5 5 5 5 5 5 5 1 1 1 1 1 1 1 1 1 1 1 1 2 1 1 3 3 0
0 0 0 0 3 3 1 5 5 5 5 5 5 5 5 5 5 5 5 5 5 5 5 5 5 5 5 5 5 5 5 5 5 5 5 5 5 5 5 5 5 5 5 5 5 5 5 5 5 5 1 3 3 0
0 0 0 0 3 3 1 5 5 5 5 5 5 5 5 5 5 5 5 5 5 5 5 5 5 5 5 5 5 5 5 5 5 5 5 5 5 5 5 5 5 5 5 5 5 5 5 5 5 5 1 3 3 0
0 0 0 0 3 3 1 5 5 5 5 5 5 5 5 5 5 5 5 5 5 5 5 5 5 5 5 5 5 5 5 5 5 5 5 5 5 5 5 5 5 5 5 5 5 5 5 5 5 5 1 3 3 0
0 0 0 0 3 3 1 5 5 5 5 5 5 5 5 5 5 5 5 5 5 5 5 5 5 5 5 5 5 5 5 5 5 5 5 5 5 5 5 5 5 5 5 5 5 5 5 5 5 5 1 3 3 0
0 0 0 0 3 3 1 5 5 5 1 1 1 1 1 1 1 1 1 1 5 5 5 5 5 5 5 5 5 5 5 5 5 5 5 5 1 1 1 1 1 1 1 1 1 1 1 1 1 1 1 3 3 0
0 0 0 0 3 3 1 5 5 5 1 1 1 3 3 3 1 1 1 1 5 5 5 5 5 5 5 5 5 5 5 5 5 5 5 1 1 3 3 3 3 3 3 3 3 3 3 3 3 3 3 3 3 0
0 0 0 0 3 3 1 5 5 5 1 1 3 3 3 3 1 1 1 5 5 5 5 5 5 5 5 5 5 5 5 5 5 5 5 1 3 3 3 3 3 3 3 3 3 3 3 3 3 3 3 3 3 0
0 0 0 0 3 3 1 5 5 5 1 3 3 3 3 1 1 1 5 5 5 5 5 5 5 5 5 5 5 5 5 5 5 5 1 1 3 3 3 0 0 0 0 0 0 0 0 0 0 0 0 0 0 0
0 0 0 0 3 3 1 5 5 5 1 3 3 3 1 1 1 5 5 5 5 5 5 5 5 5 5 5 5 5 5 5 5 1 1 3 3 3 0 0 0 0 0 0 0 0 0 0 0 0 0 0 0 0
0 0 0 0 3 3 1 5 5 5 1 3 3 1 1 1 5 5 5 5 5 5 5 5 5 5 5 5 5 5 5 5 1 1 3 3 3 3 0 0 0 0 0 0 0 0 0 0 0 0 0 0 0 0
0 0 0 0 3 3 1 5 5 5 1 3 3 1 1 5 5 5 5 5 5 5 5 5 5 5 5 5 5 5 5 1 1 3 3 3 3 0 0 0 0 0 0 0 0 0 0 0 0 0 0 0 0 0
0 0 0 0 3 3 1 5 5 5 1 3 3 1 1 5 5 5 5 5 5 5 5 5 5 5 5 5 5 5 1 1 3 3 3 3 0 0 0 0 0 0 0 0 0 0 0 0 0 0 0 0 0 0
0 0 0 0 3 3 1 5 5 5 1 1 1 1 5 5 5 5 5 5 5 5 5 5 5 5 5 5 5 1 1 3 3 3 3 0 0 0 0 0 0 0 0 0 0 0 0 0 0 0 0 0 0 0
0 0 0 0 3 3 1 5 5 5 1 1 1 5 5 5 5 5 5 5 5 5 5 5 5 5 5 5 1 1 3 3 3 3 0 0 0 0 0 0 0 0 0 0 0 0 0 0 0 0 0 0 0 0
0 0 0 0 3 3 1 5 5 5 5 5 5 5 5 5 5 5 5 5 5 5 5 5 5 5 5 1 1 3 3 3 3 0 0 0 0 0 0 0 0 0 0 0 0 0 0 0 0 0 0 0 0 0
0 0 0 0 3 3 1 5 5 5 5 5 5 5 5 5 5 5 5 5 5 5 5 5 5 5 5 1 3 3 3 3 0 0 0 0 0 0 0 0 0 0 0 0 0 0 0 0 0 0 0 0 0 0
0 0 0 0 3 3 1 5 5 5 5 5 5 5 5 5 5 5 5 5 5 5 5 5 5 5 1 1 3 3 3 0 0 0 0 0 0 0 0 0 0 0 0 0 0 0 0 0 0 0 0 0 0 0
0 0 0 0 3 3 1 1 1 1 1 1 1 5 5 5 5 5 5 5 5 5 5 5 5 5 1 3 3 3 0 0 0 0 0 0 0 0 0 0 0 0 0 0 0 0 0 0 0 0 0 0 0 0
0 0 0 0 3 3 3 3 3 3 3 3 1 1 5 5 5 5 5 5 5 5 5 5 5 1 1 3 3 3 0 0 0 0 0 0 0 0 0 0 0 0 0 0 0 0 0 0 0 0 0 0 0 0
0 0 0 0 3 3 3 3 3 3 3 3 3 1 1 5 5 5 5 5 5 5 5 5 5 1 3 3 3 0 0 0 0 0 0 0 0 0 0 0 0 0 0 0 0 0 0 0 0 0 0 0 0 0
0 0 0 0 0 0 0 0 0 0 0 3 3 3 1 1 5 5 5 5 5 5 5 5 1 1 3 3 3 0 0 0 0 0 0 0 0 0 0 0 0 0 0 0 0 0 0 0 0 0 0 0 0 0
0 0 0 0 0 0 0 0 0 0 0 3 3 3 3 1 1 1 5 5 5 5 1 1 1 3 3 3 0 0 0 0 0 0 0 0 0 0 0 0 0 0 0 0 0 0 0 0 0 0 0 0 0 0
0 0 0 0 0 0 0 0 0 0 0 0 3 3 3 3 3 1 1 1 1 1 1 3 3 3 3 3 0 0 0 0 0 0 0 0 0 0 0 0 0 0 0 0 0 0 0 0 0 0 0 0 0 0
0 0 0 0 0 0 0 0 0 0 0 0 0 3 3 3 3 3 3 3 3 3 3 3 3 3 3 0 0 0 0 0 0 0 0 0 0 0 0 0 0 0 0 0 0 0 0 0 0 0 0 0 0 0
0 0 0 0 0 0 0 0 0 0 0 0 0 0 0 3 3 3 3 3 3 3 3 3 3 0 0 0 0 0 0 0 0 0 0 0 0 0 0 0 0 0 0 0 0 0 0 0 0 0 0 0 0 0
0 0 0 0 0 0 0 0 0 0 0 0 0 0 0 0 0 0 0 0 0 0 0 0 0 0 0 0 0 0 0 0 0 0 0 0 0 0 0 0 0 0 0 0 0 0 0 0 0 0 0 0 0 0
3
3
0 29 47
1 36 7
1 8 44
13
3 4 23
5 7 8
5 8 32
5 17 49
5 20 32
5 24 16
5 27 49
5 28 27
5 41 18
5 44 29
5 54 21
5 25 12
6 13 3
9
0 13 26
0 11 27
1 35 20
3 23 6 5 2
4 47 19
4 36 28
4 25 36
4 16 43
7 15 7
3
0 20 25
1 16 3
1 52 19
16
5 34 13
5 36 18
5 41 7
5 44 9
5 49 7
5 34 39
5 36 44
5 29 49
5 4 46
5 26 41
5 9 6
5 5 26
5 31 11
5 38 12
6 5 23
7 34 7
10
3 10 39 9 1
3 18 38 10 1
3 45 15 13 1
3 25 32 10 1
3 31 25 10 1
3 38 20 14 1
5 25 8
5 13 7
6 18 17
7 30 47
3
0 7 8
1 39 26
1 11 35
15
3 29 48
5 10 3
5 4 23
5 20 22
5 46 18
5 44 24
5 35 25
5 34 30
5 23 39
5 17 46
5 8 43
5 31 38
6 49 10
6 22 28
6 29 32
22
0 20 19
0 16 27
0 21 32
0 25 37
0 33 29
0 41 29
0 44 8
0 35 16
0 6 13
0 46 20
0 14 14
0 6 44
0 14 46
0 43 17
7 12 4
7 29 7
7 36 22
7 52 21
7 36 37
7 35 39
7 17 42
7 9 28