74 40
0 0 0 0 0 0 0 0 0 0 0 0 0 0 0 0 0 0 0 0 0 0 0 0 0 0 0 0 0 0 0 0 0 0 0 0 0 0 0 0
0 3 3 3 3 3 3 3 3 3 3 3 3 3 3 3 3 3 3 3 3 3 3 3 3 3 3 3 3 3 3 3 3 3 3 3 3 3 3 0
0 3 3 3 3 3 3 3 3 3 3 3 3 3 3 3 3 3 3 3 3 3 3 3 3 3 3 3 3 3 3 3 3 3 3 3 3 3 3 0
0 3 3 3 3 3 1 1 1 1 1 1 1 1 1 1 1 1 1 1 1 1 1 1 1 1 1 1 1 1 1 1 1 1 3 3 3 3 3 0
0 3 3 3 3 1 1 1 1 1 1 1 1 1 1 6 6 6 6 6 6 6 6 6 6 1 1 1 1 1 1 1 1 1 1 3 3 3 3 0
0 3 3 3 1 1 1 1 1 1 1 1 1 1 6 6 6 6 6 6 6 6 6 6 6 6 1 1 1 1 1 1 1 1 1 1 3 3 3 0
0 3 3 1 1 1 1 1 1 1 1 1 1 6 6 6 6 6 6 6 6 6 6 6 6 6 6 1 1 1 1 1 1 1 1 1 1 3 3 0
0 3 3 1 1 1 1 1 1 1 1 1 6 6 6 6 6 6 6 6 6 6 6 6 6 6 6 6 1 1 1 1 1 1 1 1 1 3 3 0
0 3 3 1 1 1 6 6 6 3 3 3 6 6 6 6 6 6 6 6 6 6 6 6 6 6 6 6 3 3 3 6 6 6 1 1 1 3 3 0
0 3 3 1 1 1 6 6 6 3 3 3 6 6 6 6 6 6 6 6 6 6 6 6 6 6 6 6 3 3 3 6 6 6 1 1 1 3 3 0
0 3 3 1 1 1 6 6 6 3 3 3 6 6 6 6 6 6 6 6 6 6 6 6 6 6 6 6 3 3 3 6 6 6 1 1 1 3 3 0
0 3 3 1 5 1 6 6 6 3 3 3 6 6 6 6 6 6 6 6 6 6 6 6 6 6 6 6 3 3 3 6 6 6 1 5 1 3 3 0
0 3 3 1 5 1 6 6 6 3 3 3 6 6 6 6 6 6 6 6 6 6 6 6 6 6 6 6 3 3 3 6 6 6 1 5 1 3 3 0
0 3 3 1 5 1 6 6 6 3 3 3 6 6 6 6 6 6 6 6 6 6 6 6 6 6 6 6 3 3 3 6 6 6 1 5 1 3 3 0
0 3 3 1 1 1 6 6 6 3 3 3 6 6 6 6 6 6 6 6 6 6 6 6 6 6 6 6 3 3 3 6 6 6 1 1 1 3 3 0
0 3 3 1 1 1 6 6 6 3 3 3 6 6 6 6 6 6 6 6 6 6 6 6 6 6 6 6 3 3 3 6 6 6 1 1 1 3 3 0
0 3 3 1 1 1 6 6 6 3 3 3 6 6 6 6 6 6 6 6 6 6 6 6 6 6 6 6 3 3 3 6 6 6 1 1 1 3 3 0
0 3 3 1 1 1 6 6 6 3 3 3 6 6 6 6 6 6 6 6 6 6 6 6 6 6 6 6 3 3 3 6 6 6 1 1 1 3 3 0
0 3 3 1 5 1 6 6 6 3 3 3 6 6 6 6 6 6 6 6 6 6 6 6 6 6 6 6 3 3 3 6 6 6 1 5 1 3 3 0
0 3 3 1 5 1 1 1 1 3 3 3 6 6 6 6 6 6 6 6 6 6 6 6 6 6 6 6 3 3 3 1 1 1 1 5 1 3 3 0
0 3 3 1 5 1 1 1 1 3 3 3 6 6 6 6 1 1 1 6 6 1 1 1 6 6 6 6 3 3 3 1 1 1 1 5 1 3 3 0
0 3 3 1 1 1 1 1 1 3 3 3 1 1 1 1 1 1 1 1 1 1 1 1 1 1 1 1 3 3 3 1 1 1 1 1 1 3 3 0
0 3 3 1 1 1 1 1 1 3 3 3 1 1 1 1 1 1 1 1 1 1 1 1 1 1 1 1 3 3 3 1 1 1 1 1 1 3 3 0
0 3 3 1 1 1 1 1 3 3 3 3 3 1 1 1 1 2 1 1 1 1 2 1 1 1 1 3 3 3 3 3 1 1 1 1 1 3 3 0
0 3 3 1 5 5 5 1 3 3 3 3 3 1 5 5 5 5 5 5 5 5 5 5 5 5 1 3 3 3 3 3 1 5 5 5 1 3 3 0
0 3 3 1 5 5 5 1 3 3 0 3 3 1 5 5 5 5 5 5 5 5 5 5 5 5 1 3 3 0 3 3 1 5 5 5 1 3 3 0
0 3 3 1 5 5 5 1 3 3 3 3 3 1 5 5 5 5 5 5 5 5 5 5 5 5 1 3 3 3 3 3 1 5 5 5 1 3 3 0
0 3 3 1 5 5 5 1 3 3 3 3 3 1 5 5 5 5 5 5 5 5 5 5 5 5 1 3 3 3 3 3 1 5 5 5 1 3 3 0
0 3 3 1 5 5 5 1 1 1 1 1 1 1 5 5 5 5 5 5 5 5 5 5 5 5 1 1 1 1 1 1 1 5 5 5 1 3 3 0
0 3 3 1 5 5 5 5 5 5 5 5 5 5 5 5 5 5 5 5 5 5 5 5 5 5 5 5 5 5 5 5 5 5 5 5 1 3 3 0
0 3 3 1 5 5 5 5 5 5 5 5 5 5 5 5 5 5 5 5 5 5 5 5 5 5 5 5 5 5 5 5 5 5 5 5 1 3 3 0
0 3 3 1 5 5 5 5 5 5 5 5 5 5 5 5 5 5 5 5 5 5 5 5 5 5 5 5 5 5 5 5 5 5 5 5 1 3 3 0
0 3 3 1 5 5 5 5 5 5 5 5 5 5 5 5 5 5 5 5 5 5 5 5 5 5 5 5 5 5 5 5 5 5 5 5 1 3 3 0
0 3 3 1 5 5 5 5 5 5 5 5 5 5 5 5 5 5 5 5 5 5 5 5 5 5 5 5 5 5 5 5 5 5 5 5 1 3 3 0
0 3 3 1 5 5 5 5 5 5 5 5 5 5 5 5 5 5 5 5 5 5 5 5 5 5 5 5 5 5 5 5 5 5 5 5 1 3 3 0
0 3 3 1 5 5 5 5 5 5 5 5 5 5 5 5 5 5 5 5 5 5 5 5 5 5 5 5 5 5 5 5 5 5 5 5 1 3 3 0
0 3 3 1 5 5 5 5 5 5 5 5 5 5 5 5 5 5 5 5 5 5 5 5 5 5 5 5 5 5 5 5 5 5 5 5 1 3 3 0
0 3 3 1 5 5 5 5 5 5 5 5 5 5 5 5 5 5 5 5 5 5 5 5 5 5 5 5 5 5 5 5 5 5 5 5 1 3 3 0
0 3 3 1 5 5 5 1 1 1 1 1 1 1 5 5 5 5 5 5 5 5 5 5 5 5 1 1 1 1 1 1 1 5 5 5 1 3 3 0
0 3 3 1 5 5 5 1 3 3 3 3 3 1 5 5 5 5 5 5 5 5 5 5 5 5 1 3 3 3 3 3 1 5 5 5 1 3 3 0
0 3 3 1 5 5 5 1 3 3 3 3 3 1 5 5 5 5 5 5 5 5 5 5 5 5 1 3 3 3 3 3 1 5 5 5 1 3 3 0
0 3 3 1 5 5 5 1 3 3 0 3 3 1 5 5 5 5 5 5 5 5 5 5 5 5 1 3 3 0 3 3 1 5 5 5 1 3 3 0
0 3 3 1 5 5 5 1 3 3 3 3 3 1 5 5 5 5 5 5 5 5 5 5 5 5 1 3 3 3 3 3 1 5 5 5 1 3 3 0
0 3 3 1 5 5 5 1 3 3 3 3 3 1 5 5 5 5 5 5 5 5 5 5 5 5 1 3 3 3 3 3 1 5 5 5 1 3 3 0
0 3 3 1 5 5 5 1 1 1 1 1 1 1 5 5 5 5 5 5 5 5 5 5 5 5 1 1 1 1 1 1 1 5 5 5 1 3 3 0
0 3 3 1 5 5 5 5 5 5 5 5 5 5 5 5 5 5 5 5 5 5 5 5 5 5 5 5 5 5 5 5 5 5 5 5 1 3 3 0
0 3 3 1 5 5 5 5 5 5 5 5 5 5 5 5 5 5 5 5 5 5 5 5 5 5 5 5 5 5 5 5 5 5 5 5 1 3 3 0
0 3 3 1 5 5 5 5 5 5 5 5 5 5 5 5 5 5 5 5 5 5 5 5 5 5 5 5 5 5 5 5 5 5 5 5 1 3 3 0
0 3 3 1 5 5 5 5 5 5 5 5 5 5 5 5 5 5 5 5 5 5 5 5 5 5 5 5 5 5 5 5 5 5 5 5 1 3 3 0
0 3 3 1 5 5 5 5 5 5 5 5 5 5 5 5 5 5 5 5 5 5 5 5 5 5 5 5 5 5 5 5 5 5 5 5 1 3 3 0
0 3 3 1 5 5 5 5 5 5 5 5 5 5 5 5 5 5 5 5 5 5 5 5 5 5 5 5 5 5 5 5 5 5 5 5 1 3 3 0
0 3 3 1 5 5 5 5 5 5 5 5 5 5 5 5 5 5 5 5 5 5 5 5 5 5 5 5 5 5 5 5 5 5 5 5 1 3 3 0
0 3 3 1 5 5 5 5 5 5 5 5 5 5 5 5 5 5 5 5 5 5 5 5 5 5 5 5 5 5 5 5 5 5 5 5 1 3 3 0
0 3 3 1 5 5 5 5 5 5 5 5 5 5 5 5 5 5 5 5 5 5 5 5 5 5 5 5 5 5 5 5 5 5 5 5 1 3 3 0
0 3 3 1 5 5 5 1 1 1 1 1 1 1 5 5 5 5 5 5 5 5 5 5 5 5 1 1 1 1 1 1 1 5 5 5 1 3 3 0
0 3 3 1 5 5 5 1 3 3 3 3 3 1 5 5 5 5 5 5 5 5 5 5 5 5 1 3 3 3 3 3 1 5 5 5 1 3 3 0
0 3 3 1 5 5 5 1 3 3 3 3 3 1 5 5 5 5 5 5 5 5 5 5 5 5 1 3 3 3 3 3 1 5 5 5 1 3 3 0
0 3 3 1 5 5 5 1 3 3 0 3 3 1 5 5 5 5 5 5 5 5 5 5 5 5 1 3 3 0 3 3 1 5 5 5 1 3 3 0
0 3 3 1 5 5 5 1 3 3 3 3 3 1 5 5 5 5 5 5 5 5 5 5 5 5 1 3 3 3 3 3 1 5 5 5 1 3 3 0
0 3 3 1 5 5 5 1 3 3 3 3 3 1 5 5 5 5 5 5 5 5 5 5 5 5 1 3 3 3 3 3 1 5 5 5 1 3 3 0
0 3 3 1 5 5 5 1 1 1 1 1 1 1 5 5 5 5 5 5 5 5 5 5 5 5 1 1 1 1 1 1 1 5 5 5 1 3 3 0
0 3 3 1 5 5 5 5 5 5 5 5 5 5 5 5 5 5 5 5 5 5 5 5 5 5 5 5 5 5 5 5 5 5 5 5 1 3 3 0
0 3 3 1 5 5 5 5 5 5 5 5 5 5 5 5 5 5 5 5 5 5 5 5 5 5 5 5 5 5 5 5 5 5 5 5 1 3 3 0
0 3 3 1 5 5 5 5 5 5 5 5 5 5 5 5 5 5 5 5 5 5 5 5 5 5 5 5 5 5 5 5 5 5 5 5 1 3 3 0
0 3 3 1 5 5 5 5 5 5 5 5 5 5 5 5 5 5 5 5 5 5 5 5 5 5 5 5 5 5 5 5 5 5 5 5 1 3 3 0
0 3 3 1 5 5 5 5 5 5 5 5 5 5 5 5 5 5 5 5 5 5 5 5 5 5 5 5 5 5 5 5 5 5 5 5 1 3 3 0
0 3 3 1 5 5 5 5 5 5 5 5 5 5 5 5 5 5 5 5 5 5 5 5 5 5 5 5 5 5 5 5 5 5 5 5 1 3 3 0
0 3 3 1 5 5 5 5 5 5 5 5 5 5 5 5 5 5 5 5 5 5 5 5 5 5 5 5 5 5 5 5 5 5 5 5 1 3 3 0
0 3 3 1 5 5 5 5 5 5 5 5 5 5 5 5 5 5 5 5 5 5 5 5 5 5 5 5 5 5 5 5 5 5 5 5 1 3 3 0
0 3 3 1 5 5 5 5 5 5 5 5 5 5 5 5 5 5 5 5 5 5 5 5 5 5 5 5 5 5 5 5 5 5 5 5 1 3 3 0
0 3 3 1 1 1 1 1 1 1 1 1 1 1 1 1 1 1 1 1 1 1 1 1 1 1 1 1 1 1 1 1 1 1 1 1 1 3 3 0
0 3 3 3 3 3 3 3 3 3 3 3 3 3 3 3 3 3 3 3 3 3 3 3 3 3 3 3 3 3 3 3 3 3 3 3 3 3 3 0
0 3 3 3 3 3 3 3 3 3 3 3 3 3 3 3 3 3 3 3 3 3 3 3 3 3 3 3 3 3 3 3 3 3 3 3 3 3 3 0
0 0 0 0 0 0 0 0 0 0 0 0 0 0 0 0 0 0 0 0 0 0 0 0 0 0 0 0 0 0 0 0 0 0 0 0 0 0 0 0
1
2
1 21 6
1 21 32
1
3 3 19
2
0 7 19
1 10 19