61 60
0 0 0 0 0 0 0 0 0 0 0 0 0 0 0 0 0 0 0 0 0 0 0 0 0 0 0 0 0 0 0 0 0 0 0 0 0 0 0 0 0 0 0 0 0 0 0 0 0 0 0 0 0 0 0 0 0 0 0 0
0 0 0 0 0 0 0 0 0 0 0 0 0 0 0 0 0 0 0 0 0 0 0 0 0 0 0 0 0 3 3 3 3 3 3 3 3 3 3 3 0 0 0 0 0 0 0 0 0 0 0 0 0 0 0 0 0 0 0 0
0 0 0 0 0 0 0 0 0 0 0 0 0 0 0 0 0 0 0 0 0 0 0 0 0 0 0 0 3 3 3 3 3 3 3 3 3 3 3 3 3 0 0 0 0 0 0 0 0 0 0 0 0 0 0 0 0 0 0 0
0 0 0 0 0 0 0 0 0 0 0 0 0 0 3 3 3 3 3 3 3 3 3 3 3 3 0 3 3 3 3 1 1 1 1 1 1 1 3 3 3 3 0 0 0 0 3 3 3 3 3 3 3 3 3 0 0 0 0 0
0 0 0 0 0 0 0 0 0 0 0 0 0 3 3 3 3 3 3 3 3 3 3 3 3 3 3 3 3 3 1 1 1 1 5 5 5 1 1 3 3 3 0 0 0 3 3 3 3 3 3 3 3 3 3 3 3 0 0 0
0 0 0 0 0 0 0 0 0 0 0 0 3 3 3 3 1 1 1 1 1 1 1 1 3 3 3 3 3 1 1 1 5 5 5 5 5 5 1 1 3 3 0 3 3 3 3 3 1 1 1 1 1 3 3 3 3 3 0 0
0 0 0 0 0 0 0 0 0 0 0 3 3 3 3 1 1 1 1 1 1 1 1 1 1 1 1 1 1 1 1 5 5 5 5 5 5 5 5 1 3 3 3 3 3 3 3 1 1 5 5 5 1 1 1 3 3 3 0 0
0 0 0 0 0 0 0 0 0 0 0 3 3 3 1 1 1 5 5 5 5 5 1 1 1 1 1 1 1 1 1 5 5 5 5 5 5 5 5 1 3 3 3 3 3 1 1 1 5 5 5 5 5 5 1 1 3 3 0 0
0 0 0 0 0 0 0 0 0 0 3 3 3 1 1 1 5 5 5 5 5 5 5 5 5 1 1 1 1 1 1 5 5 5 5 5 5 5 5 1 1 3 3 3 3 1 5 5 5 5 5 5 5 5 5 1 3 3 0 0
0 0 0 0 0 0 0 0 0 3 3 3 3 1 1 5 5 5 5 5 5 5 5 5 5 5 5 1 1 1 1 5 5 5 5 5 5 5 5 5 1 3 3 3 3 1 5 5 5 5 5 5 5 5 5 1 3 3 0 0
0 0 0 0 0 0 0 3 3 3 3 3 1 1 1 5 5 5 5 5 5 5 5 5 5 5 5 5 1 1 1 1 5 5 5 5 5 5 5 5 1 3 3 3 1 1 5 5 5 5 5 5 5 5 5 1 3 3 0 0
0 0 0 0 0 3 3 3 3 3 3 1 1 1 1 5 5 5 5 5 5 5 5 5 5 5 5 5 5 1 1 1 5 5 5 5 5 5 5 5 1 1 1 1 1 5 5 5 5 5 5 5 5 5 5 1 3 3 0 0
0 0 0 0 3 3 3 3 3 1 1 1 1 1 1 5 5 5 5 5 5 5 5 5 5 5 5 5 5 1 1 1 5 5 5 5 5 5 5 5 5 1 1 1 1 5 5 5 5 5 5 5 5 5 5 1 3 3 0 0
0 0 0 0 3 3 3 1 1 1 5 1 1 1 1 1 5 5 5 5 5 5 5 5 5 5 5 5 5 1 1 1 5 5 5 5 5 5 5 5 5 1 1 1 1 5 5 5 5 5 5 5 5 5 5 1 3 3 0 0
0 0 0 0 3 3 1 1 5 5 5 5 1 1 1 1 5 5 5 5 5 5 5 5 5 5 5 5 5 2 1 1 5 5 5 5 5 5 5 5 5 2 1 1 2 5 5 5 5 5 5 5 5 5 1 1 3 3 0 0
0 0 0 0 3 3 1 5 5 5 5 5 5 1 1 1 1 5 5 5 5 5 5 5 5 5 5 5 5 1 1 1 5 5 5 5 5 5 5 5 5 1 1 1 1 5 5 5 5 5 5 5 5 5 1 3 3 3 0 0
0 0 0 0 3 3 1 5 5 5 5 5 5 5 1 1 1 1 5 5 5 5 5 5 5 5 5 5 5 1 1 1 1 5 5 5 5 5 5 5 5 1 1 1 1 5 5 5 5 5 5 5 5 1 1 3 3 3 0 0
0 0 0 0 3 3 1 5 5 5 5 5 5 5 5 1 1 1 1 5 5 5 5 5 5 5 5 5 5 1 1 1 1 5 5 5 5 5 5 5 5 1 1 1 1 5 5 5 5 5 5 5 1 1 3 3 3 0 0 0
0 0 0 0 3 3 1 5 5 5 5 5 5 5 5 5 1 1 1 1 1 5 5 5 5 5 5 5 5 1 1 1 1 1 5 5 5 5 5 5 5 1 1 1 1 1 5 5 5 5 5 1 1 3 3 3 3 0 0 0
0 0 0 0 3 3 1 5 5 5 5 5 5 5 5 5 5 1 1 1 1 1 5 5 5 5 5 5 1 1 1 1 1 1 5 5 5 5 5 5 1 1 3 3 1 1 5 5 5 5 1 1 3 3 3 3 0 0 0 0
0 0 0 0 3 3 1 5 5 5 5 5 5 5 5 5 5 5 5 1 1 1 1 5 5 5 5 5 1 1 1 3 3 1 1 5 5 5 5 5 1 3 3 3 3 1 1 5 5 1 1 3 3 3 3 0 0 0 0 0
0 0 0 0 3 3 1 5 5 5 5 5 5 5 5 5 5 5 5 5 1 1 1 1 1 5 5 1 1 1 3 3 3 1 1 1 1 2 1 1 1 3 3 3 3 3 1 1 1 1 3 3 3 3 0 0 0 0 0 0
0 0 0 0 3 3 1 5 5 5 5 5 5 5 5 5 5 5 5 5 5 1 3 3 1 1 1 1 1 1 3 3 3 3 1 1 1 2 1 1 1 3 3 3 3 3 3 3 3 3 3 3 3 0 0 0 0 0 0 0
0 0 0 0 3 3 1 5 5 5 5 5 5 5 5 5 5 5 5 5 5 1 3 3 3 3 1 1 1 3 3 3 3 3 1 5 5 5 5 5 1 1 3 3 3 3 3 3 3 3 3 3 0 0 0 0 0 0 0 0
0 0 0 0 3 3 1 1 5 5 5 5 5 5 5 5 5 5 5 5 5 1 3 3 3 3 1 1 1 3 3 3 3 1 1 5 5 5 5 5 5 1 1 3 3 3 3 0 0 0 0 0 0 0 0 0 0 0 0 0
0 0 0 0 3 3 3 1 5 5 5 5 5 5 5 5 5 5 5 5 5 1 3 3 3 1 1 1 1 1 1 1 1 1 1 5 5 5 5 5 5 5 1 3 3 3 3 3 0 0 0 0 0 0 0 0 0 0 0 0
0 0 0 0 3 3 3 1 5 5 5 5 5 5 5 5 5 5 5 5 1 1 1 1 1 1 1 1 1 5 5 1 1 1 1 5 5 5 5 5 5 5 1 1 1 3 3 3 3 3 0 0 0 0 0 0 0 0 0 0
0 0 0 3 3 3 3 1 1 5 5 5 5 5 5 5 5 5 5 5 1 1 1 1 1 1 1 5 5 5 5 5 1 1 1 1 5 5 5 5 5 5 5 5 1 1 1 3 3 3 3 0 0 0 0 0 0 0 0 0
0 0 3 3 3 3 3 1 1 1 5 5 5 5 5 5 5 5 1 1 1 1 1 1 1 5 5 5 5 5 5 5 5 1 1 1 1 5 5 5 5 5 5 5 5 5 1 1 3 3 3 0 0 0 0 0 0 0 0 0
0 0 3 3 3 1 1 1 1 1 1 1 2 1 1 1 1 1 1 3 3 1 1 1 5 5 5 5 5 5 5 5 5 1 1 1 1 5 5 5 5 5 5 5 5 5 5 1 1 3 3 3 3 0 0 0 0 0 0 0
0 0 3 3 1 1 5 5 1 1 1 1 2 1 1 1 1 1 3 3 3 3 1 1 5 5 5 5 5 5 5 5 5 1 1 1 1 5 5 5 5 5 5 5 5 5 5 5 1 3 3 3 3 3 3 3 0 0 0 0
0 0 3 3 1 5 5 5 5 5 5 5 5 5 5 1 1 1 3 3 3 3 1 1 5 5 5 5 5 5 5 5 5 5 1 1 1 5 5 5 5 5 5 5 5 5 5 5 1 1 1 3 3 3 3 3 3 0 0 0
0 0 3 3 1 5 5 5 5 5 5 5 5 5 5 5 5 1 1 1 1 1 1 1 5 5 5 5 5 5 5 5 5 5 1 1 1 5 5 5 5 5 5 5 5 5 5 5 5 5 1 1 1 1 3 3 3 3 0 0
0 0 3 3 1 5 5 5 5 5 5 5 5 5 5 5 5 5 5 5 1 1 1 1 5 5 5 5 5 5 5 5 5 5 1 1 1 1 5 5 5 5 5 5 5 5 5 5 5 5 5 5 5 1 1 3 3 3 3 0
0 0 3 3 1 5 5 5 5 5 5 5 5 5 5 5 5 5 5 5 5 1 1 1 1 5 5 5 5 5 5 5 5 5 5 1 1 1 5 5 5 5 5 5 5 5 5 5 5 5 5 5 5 5 1 1 3 3 3 0
0 0 3 3 1 1 5 5 5 5 5 5 5 5 5 5 5 5 5 5 5 1 1 1 1 5 5 5 5 5 5 5 5 5 5 5 1 1 5 5 5 5 5 5 5 5 5 5 5 5 5 5 5 5 5 1 1 3 3 0
0 0 3 3 3 1 1 1 5 5 5 5 5 5 5 5 5 5 5 5 5 5 1 1 1 1 5 5 5 5 5 5 5 5 5 5 1 1 5 5 5 5 5 5 5 5 5 5 5 5 5 5 5 5 5 5 1 3 3 0
0 0 3 3 3 3 3 1 1 5 5 5 5 5 5 5 5 5 5 5 5 5 1 1 1 1 5 5 5 5 5 5 5 5 5 5 1 1 5 5 5 5 5 5 5 5 5 5 5 5 5 5 5 5 5 5 1 3 3 0
0 0 0 3 3 3 3 3 1 1 5 5 5 5 5 5 5 5 5 5 5 5 2 1 1 2 5 5 5 5 5 5 5 5 5 5 2 2 5 5 5 5 5 5 5 5 5 5 5 5 5 5 5 5 5 5 1 3 3 0
0 0 0 0 0 3 3 3 3 1 1 5 5 5 5 5 5 5 5 5 5 5 1 1 1 1 5 5 5 5 5 5 5 5 5 5 1 1 5 5 5 5 5 5 5 5 5 5 5 5 5 5 5 5 5 5 1 3 3 0
0 0 0 0 0 0 3 3 3 3 1 1 5 5 5 5 5 5 5 5 5 5 1 1 1 1 5 5 5 5 5 5 5 5 5 5 1 1 5 5 5 5 5 5 5 5 5 5 5 5 5 5 5 5 5 5 1 3 3 0
0 0 0 0 0 0 0 3 3 3 3 1 1 5 5 5 5 5 5 5 5 5 5 1 1 1 5 5 5 5 5 5 5 5 5 5 1 1 5 5 5 5 5 5 5 5 5 5 5 5 5 5 5 5 5 1 1 3 3 0
0 0 0 0 0 0 0 0 3 3 3 3 1 1 5 5 5 5 5 5 5 5 5 1 1 1 1 5 5 5 5 5 5 5 1 1 1 1 1 5 5 5 5 5 5 5 5 5 5 5 5 5 5 5 5 1 3 3 3 0
0 0 0 0 0 0 0 0 0 3 3 3 3 1 1 1 5 5 5 5 5 5 1 1 1 1 1 1 5 5 5 5 5 1 1 1 1 1 1 5 5 5 5 5 5 5 5 5 5 5 5 5 5 5 1 1 3 3 3 0
0 0 0 0 0 0 0 0 0 0 3 3 3 3 3 1 1 5 5 5 5 5 1 1 1 1 1 1 1 1 1 1 1 1 1 1 1 1 1 1 5 5 5 5 5 1 1 1 1 5 5 5 5 1 1 3 3 3 0 0
0 0 0 0 0 0 0 0 0 0 0 3 3 3 3 3 1 1 1 5 5 1 1 1 1 1 1 1 1 1 1 1 1 1 1 1 1 1 1 1 1 1 2 1 1 1 1 1 1 1 1 1 1 1 3 3 3 3 0 0
0 0 0 0 0 0 0 0 0 0 0 0 0 3 3 3 3 3 1 1 1 1 1 1 1 1 3 3 3 1 1 1 1 1 1 1 1 1 1 1 1 1 1 1 1 1 1 1 1 3 3 3 3 3 3 3 3 0 0 0
0 0 0 0 0 0 0 0 0 0 0 0 0 0 3 3 3 3 3 3 3 3 3 3 3 3 3 3 3 1 1 1 1 1 1 1 1 1 1 1 1 1 1 1 1 1 1 1 1 3 3 3 3 3 3 3 0 0 0 0
0 0 0 0 0 0 0 0 0 0 0 0 0 0 0 0 3 3 3 3 3 3 3 3 3 3 3 3 3 1 1 1 5 5 5 5 5 5 5 1 1 1 2 1 1 1 1 1 1 3 3 3 0 0 0 0 0 0 0 0
0 0 0 0 0 0 0 0 0 0 0 0 0 0 0 0 0 0 0 0 0 0 0 0 0 3 3 3 1 1 1 1 5 5 5 5 5 5 5 5 5 5 5 5 5 5 5 1 1 3 3 3 3 0 0 0 0 0 0 0
0 0 0 0 0 0 0 0 0 0 0 0 0 0 0 0 0 0 0 0 0 0 0 0 0 0 3 3 1 1 1 5 5 5 5 5 5 5 5 5 5 5 5 5 5 5 5 5 1 1 3 3 3 0 0 0 0 0 0 0
0 0 0 0 0 0 0 0 0 0 0 0 0 0 0 0 0 0 0 0 0 0 0 0 0 0 3 3 1 1 5 5 5 5 5 5 5 5 5 5 5 5 5 5 5 5 5 5 5 1 1 3 3 0 0 0 0 0 0 0
0 0 0 0 0 0 0 0 0 0 0 0 0 0 0 0 0 0 0 0 0 0 0 0 0 0 3 3 1 1 5 5 5 5 5 5 5 5 5 5 5 5 5 5 5 5 5 5 5 5 1 3 3 0 0 0 0 0 0 0
0 0 0 0 0 0 0 0 0 0 0 0 0 0 0 0 0 0 0 0 0 0 0 0 0 0 3 3 1 1 5 5 5 5 5 5 5 5 5 5 5 5 5 5 5 5 5 5 5 5 1 3 3 0 0 0 0 0 0 0
0 0 0 0 0 0 0 0 0 0 0 0 0 0 0 0 0 0 0 0 0 0 0 0 0 0 3 3 3 1 1 5 5 5 5 5 5 5 5 5 5 5 5 5 5 5 5 5 5 5 1 3 3 0 0 0 0 0 0 0
0 0 0 0 0 0 0 0 0 0 0 0 0 0 0 0 0 0 0 0 0 0 0 0 0 0 3 3 3 3 1 1 1 1 1 1 5 5 5 5 5 5 5 5 5 5 5 5 1 1 1 3 3 0 0 0 0 0 0 0
0 0 0 0 0 0 0 0 0 0 0 0 0 0 0 0 0 0 0 0 0 0 0 0 0 0 0 3 3 3 3 3 3 3 3 1 1 1 1 1 1 1 1 1 1 1 1 1 1 3 3 3 3 0 0 0 0 0 0 0
0 0 0 0 0 0 0 0 0 0 0 0 0 0 0 0 0 0 0 0 0 0 0 0 0 0 0 0 3 3 3 3 3 3 3 3 3 3 3 3 3 3 3 3 3 3 3 3 3 3 3 3 3 0 0 0 0 0 0 0
0 0 0 0 0 0 0 0 0 0 0 0 0 0 0 0 0 0 0 0 0 0 0 0 0 0 0 0 0 0 0 0 0 3 3 3 3 3 3 3 3 3 3 3 3 3 3 3 3 3 3 0 0 0 0 0 0 0 0 0
0 0 0 0 0 0 0 0 0 0 0 0 0 0 0 0 0 0 0 0 0 0 0 0 0 0 0 0 0 0 0 0 0 0 0 0 0 0 0 0 0 0 0 0 0 0 0 0 0 0 0 0 0 0 0 0 0 0 0 0
0 0 0 0 0 0 0 0 0 0 0 0 0 0 0 0 0 0 0 0 0 0 0 0 0 0 0 0 0 0 0 0 0 0 0 0 0 0 0 0 0 0 0 0 0 0 0 0 0 0 0 0 0 0 0 0 0 0 0 0
3
3
0 8 33
1 41 51
1 30 29
11
3 9 25
5 4 34
5 8 54
5 37 43
5 41 22
5 51 34
5 51 48
5 31 5
5 29 24
6 17 9
6 47 29
3
0 48 38
1 34 6
1 14 33
7
3 9 25
5 47 48
5 54 36
6 17 9
6 11 52
6 38 50
6 47 29
3
0 30 22
1 26 18
1 19 47
15
5 52 28
5 17 8
5 18 9
5 15 10
5 18 11
5 34 6
5 42 29
5 27 27
5 31 37
5 6 31
5 30 47
5 42 35
5 45 37
6 38 52
6 51 35