63 57
0 0 0 0 0 0 0 0 0 0 0 0 0 0 0 0 0 0 0 0 0 0 0 0 0 0 0 0 0 0 0 0 0 0 0 0 0 0 0 0 0 0 0 0 0 0 0 0 0 0 0 0 0 0 0 0 0
0 0 0 0 0 0 0 0 0 0 0 0 0 0 0 0 0 0 0 0 0 0 0 3 3 3 3 3 3 3 3 3 3 3 3 0 0 0 0 0 0 0 0 0 0 0 0 0 0 0 0 0 0 0 0 0 0
0 0 0 0 0 0 0 0 0 0 0 0 0 0 0 0 0 0 0 0 0 0 3 3 3 3 3 3 3 3 3 3 3 3 3 3 0 0 0 0 0 0 0 0 0 0 0 0 0 0 0 0 0 0 0 0 0
0 0 0 0 0 0 0 0 0 0 0 0 0 0 0 0 0 0 0 0 0 3 3 3 3 3 1 1 1 1 1 1 1 3 3 3 3 0 0 0 0 0 0 0 0 0 0 0 0 0 0 0 0 0 0 0 0
0 0 0 0 0 0 0 0 0 0 0 0 0 0 0 0 0 0 0 3 3 3 3 3 3 1 1 1 5 5 5 5 1 1 3 3 3 3 0 0 0 0 0 0 0 0 0 0 0 0 0 0 0 0 0 0 0
0 0 0 0 0 0 0 0 0 0 0 3 3 3 3 3 3 3 3 3 3 3 3 3 1 1 1 5 5 5 5 5 5 1 1 3 3 3 3 0 0 0 0 0 0 0 0 0 0 0 0 0 0 0 0 0 0
0 0 0 0 0 0 0 0 0 0 3 3 3 3 3 3 3 3 3 3 3 3 3 3 1 1 5 5 5 5 5 5 5 5 1 1 3 3 3 0 0 0 0 0 0 0 0 0 0 0 0 0 0 0 0 0 0
0 0 0 0 0 0 0 0 0 3 3 3 3 3 3 3 3 3 3 3 3 3 3 3 1 1 5 5 5 5 5 5 5 5 5 1 1 3 3 3 0 0 0 0 0 0 0 0 0 0 0 0 0 0 0 0 0
0 0 0 0 0 0 0 0 3 3 3 3 3 1 1 1 1 1 3 3 3 3 3 3 3 1 1 5 5 5 5 5 5 5 5 1 1 3 3 3 0 0 0 0 0 0 0 0 0 0 0 0 0 0 0 0 0
0 0 0 0 0 0 0 3 3 3 3 3 1 1 1 1 1 1 1 3 3 3 3 3 3 3 1 1 5 5 5 5 5 5 5 5 1 1 3 3 0 0 0 0 0 0 0 0 0 0 0 0 0 0 0 0 0
0 0 0 0 0 0 3 3 3 3 3 1 1 1 1 1 1 1 1 3 3 3 3 3 3 3 3 1 1 5 5 5 5 5 5 5 1 1 3 3 0 0 0 0 0 0 0 0 0 0 0 0 0 0 0 0 0
0 0 0 0 0 0 3 3 3 1 1 1 1 1 2 1 1 1 1 1 3 3 3 3 3 3 3 1 1 5 5 5 5 5 5 5 5 1 3 3 3 0 0 0 0 0 0 0 0 0 0 0 0 0 0 0 0
0 0 0 0 0 0 3 3 1 1 5 5 5 5 5 5 1 1 1 1 1 3 3 3 3 3 1 1 1 5 5 5 5 5 5 5 5 1 3 3 3 3 0 0 0 0 0 0 0 0 0 0 0 0 0 0 0
0 0 0 0 0 3 3 3 1 5 5 5 5 5 5 5 1 1 1 1 1 1 1 1 1 1 1 1 5 5 5 5 5 5 5 5 5 1 1 3 3 3 3 3 3 0 0 0 0 0 0 0 0 0 0 0 0
0 0 0 0 0 3 3 3 1 5 5 5 5 5 5 5 5 1 1 1 1 1 1 1 1 1 1 5 5 5 5 5 5 5 5 5 5 1 1 1 3 3 3 3 3 3 3 3 0 0 0 0 0 0 0 0 0
0 0 0 0 0 3 3 1 1 5 5 5 5 5 5 5 5 1 1 1 1 1 1 4 1 1 5 5 5 5 5 5 5 5 5 5 1 1 1 1 1 1 1 3 3 3 3 3 3 0 0 0 0 0 0 0 0
0 0 0 0 0 3 3 1 1 5 5 5 5 5 5 5 5 2 1 1 1 1 5 5 5 5 5 5 5 5 5 1 1 1 2 1 1 1 1 1 1 1 1 1 1 1 3 3 3 0 0 0 0 0 0 0 0
0 0 0 0 0 3 3 1 1 1 5 5 5 5 5 5 5 1 1 1 1 1 5 5 5 5 5 5 5 5 1 1 1 1 1 1 1 1 1 1 1 1 1 1 1 1 1 3 3 3 0 0 0 0 0 0 0
0 0 0 0 0 3 3 1 1 1 1 5 5 5 5 5 5 1 1 1 1 1 5 5 5 5 5 5 5 1 1 3 3 1 1 1 1 1 1 1 1 1 1 1 1 1 1 3 3 3 3 3 0 0 0 0 0
0 0 0 0 0 3 3 1 1 1 1 5 5 5 5 5 5 1 1 1 1 1 1 1 5 5 5 5 1 1 3 3 3 3 3 1 1 1 1 1 1 1 1 1 1 1 1 1 3 3 3 3 3 3 0 0 0
0 0 0 0 0 3 3 1 1 1 1 5 5 5 5 5 1 1 1 1 1 1 1 1 1 1 1 1 1 1 3 3 3 3 3 3 3 1 1 1 1 1 1 1 4 1 1 1 1 1 3 3 3 3 3 0 0
0 0 0 0 0 3 3 1 1 1 1 5 5 5 5 5 1 1 1 1 1 1 1 1 1 1 1 1 1 1 1 3 3 3 3 3 3 3 3 1 1 1 5 5 5 5 5 5 5 1 1 1 3 3 3 3 0
0 0 0 0 0 3 3 1 1 1 5 5 5 5 5 1 1 3 3 1 1 1 1 1 1 1 1 1 1 1 1 1 1 3 3 3 3 3 3 1 1 5 5 5 5 5 5 5 5 5 5 1 1 3 3 3 0
0 0 0 0 0 3 3 1 1 1 5 5 5 5 5 1 3 3 3 3 3 1 1 1 1 1 1 1 1 1 1 1 1 1 1 3 3 3 1 1 5 5 5 5 5 5 5 5 5 5 5 5 1 1 3 3 0
0 0 0 0 0 3 3 1 1 5 5 5 5 5 1 1 3 3 3 3 3 3 3 1 1 1 1 1 1 1 1 1 1 1 1 1 1 1 1 1 5 5 5 5 5 5 5 5 5 5 5 5 1 1 3 3 0
0 0 0 0 0 3 3 1 5 5 5 5 5 5 1 3 3 3 3 3 3 3 3 1 1 1 1 4 1 1 1 1 1 1 1 1 1 1 1 1 5 5 5 5 5 1 1 1 5 5 5 5 5 1 3 3 0
0 0 0 0 0 3 3 1 5 5 5 5 5 1 1 3 3 3 3 3 3 3 3 1 1 1 5 5 5 1 1 1 1 1 1 1 1 1 1 2 5 5 5 5 1 1 1 1 1 5 5 5 5 1 3 3 0
0 0 0 0 0 3 3 1 1 5 5 5 1 1 3 3 3 3 3 3 3 3 1 1 1 5 5 5 5 5 1 1 1 1 1 1 1 1 1 1 5 5 5 5 1 1 1 1 1 1 5 5 5 1 3 3 0
0 0 0 0 0 3 3 1 1 1 2 1 1 1 3 3 3 3 3 3 1 1 1 1 5 5 5 5 5 5 1 1 1 1 1 1 1 1 1 1 5 5 5 5 5 1 1 1 1 1 5 5 5 1 3 3 0
0 0 0 0 0 3 3 3 1 1 1 1 1 1 3 3 3 3 3 1 1 1 5 5 5 5 5 5 5 1 1 1 1 1 1 1 1 1 1 5 5 5 5 5 5 5 1 1 1 1 5 5 5 1 3 3 0
0 0 0 0 0 3 3 3 3 1 1 1 1 1 1 3 3 3 1 1 1 5 5 5 5 5 5 5 1 1 1 1 1 1 1 1 1 1 5 5 5 5 5 5 5 5 1 1 1 1 1 2 1 1 3 3 0
0 0 0 0 0 0 3 3 3 1 1 1 1 4 1 1 1 1 1 1 5 5 5 5 5 5 5 5 1 1 1 1 1 1 1 1 1 5 5 5 5 5 5 5 5 5 1 1 1 1 1 1 1 3 3 3 0
0 0 0 0 0 0 0 3 3 1 1 1 5 5 5 1 1 1 1 5 5 5 5 5 5 5 5 5 1 1 1 1 1 1 1 5 5 5 5 5 5 5 5 5 5 5 1 1 1 1 1 1 1 3 3 3 0
0 0 0 0 0 0 3 3 3 1 1 1 5 5 5 5 5 5 5 5 5 5 5 5 5 5 5 5 5 1 1 1 1 1 5 5 5 5 5 5 5 5 5 5 1 1 1 1 1 1 1 1 1 3 3 0 0
0 0 0 0 0 0 3 3 3 1 1 1 5 5 5 5 5 5 5 5 5 5 5 5 5 5 5 5 5 1 1 1 5 5 5 5 5 5 5 5 5 5 1 1 1 1 3 3 3 1 1 1 1 3 3 0 0
0 0 0 0 0 0 3 3 1 1 1 1 5 5 5 5 5 5 5 5 5 5 5 5 5 5 5 5 5 5 5 5 5 5 5 5 5 5 5 5 5 1 1 1 3 3 3 3 3 3 1 1 1 3 3 0 0
0 0 0 0 0 0 3 3 1 1 1 1 5 5 5 5 5 5 5 5 5 5 5 5 5 5 5 5 5 5 5 5 5 5 5 5 5 5 5 1 1 1 1 3 3 3 3 3 3 3 1 1 1 3 3 0 0
0 0 0 0 0 3 3 3 1 1 1 1 1 5 5 5 5 5 5 5 5 5 5 5 5 5 5 5 5 5 5 5 5 5 5 1 1 1 1 1 1 1 3 3 3 3 0 0 3 3 1 1 1 3 3 0 0
0 0 0 0 0 3 3 3 1 1 1 1 1 1 5 5 1 1 1 1 1 1 1 5 5 5 5 5 5 5 5 5 5 1 1 1 1 1 1 1 1 1 3 3 3 0 0 0 3 3 1 1 1 3 3 0 0
0 0 0 0 0 3 3 1 1 1 1 1 1 1 1 1 1 3 3 3 3 3 1 1 1 5 5 5 5 5 5 5 5 1 1 1 1 1 1 1 1 1 3 3 0 0 0 0 3 3 1 1 1 3 3 0 0
0 0 0 0 0 3 3 1 1 1 1 1 3 3 3 3 3 3 3 3 3 3 3 1 1 1 2 1 1 1 5 5 5 5 1 1 1 1 1 1 1 1 3 3 0 0 0 0 3 3 1 1 1 3 3 0 0
0 0 0 0 0 3 3 1 1 1 1 3 3 3 3 3 3 3 3 0 3 3 3 3 1 1 1 1 1 1 5 5 5 5 1 1 4 1 1 1 1 1 3 3 0 0 0 0 3 3 1 1 1 3 3 0 0
0 0 0 0 3 3 3 1 1 1 1 3 3 3 0 0 0 0 0 0 0 3 3 3 1 1 1 1 1 1 1 5 5 5 5 5 5 5 1 1 1 1 3 3 0 0 0 3 3 3 1 1 1 3 3 0 0
0 0 3 3 3 3 3 1 1 1 1 3 3 0 0 0 0 0 0 0 0 3 3 3 1 1 1 1 3 3 1 5 5 5 5 5 5 5 1 1 1 1 3 3 3 0 3 3 3 3 1 1 1 3 3 0 0
0 3 3 3 3 3 1 1 4 1 1 3 3 0 0 0 0 0 0 0 3 3 3 3 1 1 1 1 3 3 1 1 5 5 5 5 5 5 1 1 1 1 3 3 3 3 3 3 3 3 1 1 1 3 3 0 0
0 3 3 3 1 1 1 5 5 5 1 3 3 3 0 0 0 3 3 3 3 3 3 1 1 1 4 1 1 1 1 1 1 5 5 5 1 1 1 1 1 1 1 3 3 3 3 3 1 1 1 1 1 3 3 0 0
0 3 3 1 1 5 5 5 5 5 1 3 3 3 3 3 3 3 3 3 3 3 1 1 1 5 5 5 1 1 3 3 1 1 1 1 1 1 1 1 1 1 1 1 3 3 3 3 1 1 1 1 1 3 3 0 0
0 3 3 1 5 5 5 5 5 5 1 1 3 3 3 3 3 3 3 1 1 1 1 1 5 5 5 5 5 1 3 3 1 1 1 1 1 1 1 1 1 5 5 1 1 1 1 1 1 1 1 1 1 3 3 3 0
0 3 3 1 5 5 5 5 5 5 1 1 1 3 3 3 3 1 1 1 1 5 5 5 5 5 5 5 5 1 1 1 1 1 1 1 1 1 1 5 5 5 5 5 5 1 1 1 1 1 1 1 1 3 3 3 0
0 3 3 1 5 5 5 5 5 5 5 1 1 1 1 1 1 1 1 5 5 5 5 5 5 5 5 5 5 5 1 1 1 1 1 1 1 1 5 5 5 5 5 5 5 5 1 1 1 1 1 1 1 3 3 3 0
0 3 3 1 5 5 5 5 5 5 5 5 1 1 1 1 1 1 5 5 5 5 5 5 5 5 5 5 5 5 1 1 1 1 1 1 1 1 5 5 5 5 5 5 5 5 1 1 1 1 1 4 1 1 3 3 0
0 3 3 1 1 5 5 5 5 5 5 5 5 5 5 5 5 5 5 5 5 5 5 5 5 5 5 5 5 1 1 1 1 1 1 1 1 2 5 5 5 5 5 5 5 5 5 1 1 1 5 5 5 1 3 3 0
0 3 3 3 1 1 5 5 5 5 5 5 5 5 5 5 5 5 5 5 5 5 5 5 1 1 1 2 1 1 1 1 1 1 1 1 1 1 5 5 5 5 5 5 5 5 5 5 1 1 5 5 5 1 3 3 0
0 3 3 3 3 1 1 1 1 1 5 5 5 5 5 5 5 5 5 5 5 5 5 1 1 1 1 1 1 1 1 1 1 1 1 1 1 1 5 5 5 5 5 5 5 5 5 5 5 5 5 5 5 1 3 3 0
0 0 3 3 3 3 3 3 3 1 1 1 1 1 5 5 5 5 5 5 5 5 1 1 1 1 1 1 1 1 1 1 1 1 1 1 1 1 5 5 5 5 5 5 5 5 5 5 5 5 5 5 5 1 3 3 0
0 0 0 3 3 3 3 3 3 3 3 3 3 1 1 1 5 5 5 5 5 5 1 1 1 1 1 1 1 1 1 1 1 1 1 1 1 1 1 5 5 5 5 5 5 5 5 5 5 5 5 5 5 1 3 3 0
0 0 0 0 0 0 0 3 3 3 3 3 3 3 3 1 1 5 5 5 5 1 1 1 1 1 3 3 3 3 3 3 3 3 1 1 1 1 1 1 5 5 5 5 5 5 5 5 5 5 5 5 1 1 3 3 0
0 0 0 0 0 0 0 0 0 0 3 3 3 3 3 3 1 1 1 1 1 1 3 3 3 3 3 3 3 3 3 3 3 3 3 3 3 1 1 1 1 5 5 5 5 5 5 5 5 5 5 1 1 3 3 3 0
0 0 0 0 0 0 0 0 0 0 0 0 3 3 3 3 3 3 3 3 3 3 3 3 3 3 3 3 3 3 3 3 3 3 3 3 3 3 3 3 1 1 1 5 5 5 5 5 5 5 1 1 3 3 3 3 0
0 0 0 0 0 0 0 0 0 0 0 0 0 0 3 3 3 3 3 3 3 3 3 3 3 0 0 0 0 0 0 0 0 0 3 3 3 3 3 3 3 3 1 1 1 1 1 1 1 1 1 3 3 3 3 0 0
0 0 0 0 0 0 0 0 0 0 0 0 0 0 0 0 0 0 0 0 0 0 0 0 0 0 0 0 0 0 0 0 0 0 0 0 0 0 3 3 3 3 3 3 3 3 3 3 3 3 3 3 3 3 0 0 0
0 0 0 0 0 0 0 0 0 0 0 0 0 0 0 0 0 0 0 0 0 0 0 0 0 0 0 0 0 0 0 0 0 0 0 0 0 0 0 0 3 3 3 3 3 3 3 3 3 3 3 3 3 0 0 0 0
0 0 0 0 0 0 0 0 0 0 0 0 0 0 0 0 0 0 0 0 0 0 0 0 0 0 0 0 0 0 0 0 0 0 0 0 0 0 0 0 0 0 0 0 0 0 0 0 0 0 0 0 0 0 0 0 0
2
3
0 32 23
1 19 37
1 55 34
21
3 7 13
5 10 27
5 48 15
5 44 29
5 33 49
5 38 7
5 39 11
5 25 23
5 30 17
5 18 47
5 55 25
5 36 41
5 27 13
5 21 32
5 46 32
5 56 37
5 57 43
6 55 19
6 45 48
6 5 28
6 31 30
0
3
0 50 18
1 42 9
1 31 30
22
3 44 48
5 29 8
5 46 5
5 55 17
5 47 28
5 55 34
5 49 45
5 56 41
5 37 41
5 33 49
5 22 34
5 13 39
5 21 42
5 12 21
5 12 10
5 19 8
5 6 26
5 14 27
5 7 13
5 22 21
6 33 23
6 19 37
0
