59 49
0 0 0 0 0 0 0 0 0 0 0 0 0 0 0 0 0 0 0 0 0 0 0 0 0 0 0 0 0 0 0 0 0 0 0 0 0 0 0 0 0 0 0 0 0 0 0 0 0
0 0 0 0 0 0 0 0 0 0 0 0 0 0 0 0 0 0 0 0 0 0 0 0 0 0 0 0 0 3 3 3 3 3 3 3 3 3 3 3 0 0 0 0 0 0 0 0 0
0 0 0 0 0 0 0 0 0 0 0 0 0 0 0 0 0 3 3 3 3 0 0 0 0 0 0 3 3 3 3 3 3 3 3 3 3 3 3 3 3 0 0 0 0 0 0 0 0
0 0 0 0 0 0 0 0 0 0 0 0 3 3 3 3 3 3 3 3 3 3 3 3 0 0 3 3 3 3 3 1 1 1 1 1 1 3 3 3 3 0 0 0 0 0 0 0 0
0 0 0 0 0 0 0 0 0 0 0 3 3 3 3 3 3 3 3 3 3 3 3 3 3 3 3 3 3 1 1 1 5 5 5 5 1 1 1 3 3 3 0 0 0 0 0 0 0
0 0 0 0 0 0 0 0 0 0 3 3 3 3 3 3 1 1 1 1 1 1 3 3 3 3 3 3 1 1 5 5 5 5 5 5 5 5 1 3 3 3 0 0 0 0 0 0 0
0 0 0 0 0 0 0 0 0 0 3 3 3 3 1 1 1 5 5 5 5 1 1 3 3 3 3 1 1 5 5 5 5 5 5 5 5 5 1 1 3 3 3 0 0 0 0 0 0
0 0 0 0 0 0 0 0 0 0 3 3 3 1 1 5 5 5 5 5 5 5 1 3 3 1 1 1 5 5 5 5 5 5 5 5 5 5 5 1 3 3 3 3 3 0 0 0 0
0 0 0 0 0 0 0 0 0 0 3 3 3 1 5 5 5 5 5 5 5 5 5 1 1 1 5 5 5 5 5 5 5 5 5 5 5 5 5 1 1 3 3 3 3 0 0 0 0
0 0 0 0 0 0 0 0 0 0 3 3 3 1 5 5 5 5 5 5 5 5 5 5 5 5 5 5 5 5 5 5 5 5 5 5 5 5 5 5 1 1 1 3 3 0 0 0 0
0 0 0 0 0 0 0 0 0 0 3 3 3 1 5 5 5 5 5 5 5 5 5 5 5 5 5 5 5 5 5 5 5 5 5 5 5 5 5 5 5 5 1 3 3 0 0 0 0
0 0 0 0 0 0 0 0 0 0 3 3 3 1 5 5 5 5 5 5 5 5 5 5 5 5 5 5 5 5 5 5 5 5 5 5 5 5 5 5 5 1 1 3 3 0 0 0 0
0 0 0 0 0 0 0 0 0 0 3 3 3 1 5 5 5 5 5 5 5 5 5 5 5 5 5 5 5 5 5 5 5 5 5 5 5 5 5 5 1 1 3 3 3 0 0 0 0
0 0 0 0 0 0 0 0 0 0 3 3 3 1 1 5 5 5 5 5 5 5 5 5 5 5 5 5 5 5 5 5 5 5 5 5 5 5 5 1 1 3 3 3 3 0 0 0 0
0 0 0 0 0 0 0 0 0 0 3 3 3 1 1 5 5 5 5 5 5 5 5 5 5 5 5 5 5 5 5 5 5 5 5 1 1 5 1 1 3 3 3 3 0 0 0 0 0
0 0 0 0 0 0 0 0 0 0 3 3 3 3 1 1 5 5 5 5 5 5 5 1 1 1 5 5 5 5 5 5 5 5 5 1 1 1 1 3 3 3 3 0 0 0 0 0 0
0 0 0 0 0 0 0 0 0 0 3 3 3 3 1 1 5 5 5 5 5 5 5 1 1 1 5 5 5 5 5 5 5 5 1 1 3 3 3 3 3 3 0 0 0 0 0 0 0
0 0 0 0 0 0 0 0 0 0 3 3 3 3 1 1 1 5 5 5 5 5 5 5 1 1 5 5 5 5 5 5 5 5 1 3 3 3 3 3 3 0 0 0 0 0 0 0 0
0 0 0 0 0 0 0 0 0 0 3 3 3 3 1 1 1 5 5 5 5 5 5 5 5 5 5 5 5 5 5 5 5 1 1 3 3 3 0 0 0 0 0 0 0 0 0 0 0
0 0 0 0 0 0 0 0 0 3 3 3 3 1 1 1 5 5 5 5 5 5 5 5 5 5 5 5 5 5 1 1 1 1 1 3 3 0 0 0 0 0 0 0 0 0 0 0 0
0 0 0 0 0 0 0 0 3 3 3 3 3 1 1 1 5 5 5 5 5 5 5 5 5 5 5 5 5 5 1 1 1 1 3 3 3 0 0 0 0 0 0 0 0 0 0 0 0
0 0 0 0 0 0 0 0 3 3 3 3 1 1 1 5 5 5 5 5 5 5 5 5 5 5 5 5 5 5 5 1 3 3 3 3 3 0 0 0 0 0 0 0 0 0 0 0 0
0 0 0 0 0 0 0 0 3 3 3 1 1 1 5 5 5 5 5 5 5 5 5 5 5 5 5 5 5 5 5 1 3 3 3 3 0 0 0 0 0 0 0 0 0 0 0 0 0
0 0 0 0 0 0 0 3 3 3 3 1 5 5 5 5 5 5 5 5 5 5 5 5 5 5 5 5 5 5 1 1 3 3 0 0 0 0 0 0 0 0 0 0 0 0 0 0 0
0 0 0 0 0 0 0 3 3 3 3 1 5 5 5 5 5 5 5 5 5 5 5 5 5 5 5 5 5 5 1 3 3 3 3 3 0 0 0 0 0 0 0 0 0 0 0 0 0
0 0 0 0 0 0 0 3 3 3 1 1 5 5 5 5 5 5 5 5 5 5 5 5 5 5 5 5 5 1 1 3 3 3 3 3 3 0 0 0 0 0 0 0 0 0 0 0 0
0 0 0 0 0 0 0 3 3 3 1 5 5 5 5 5 5 5 5 5 5 5 5 5 5 5 5 1 1 1 1 1 1 1 3 3 3 3 0 0 0 0 0 0 0 0 0 0 0
0 0 0 0 0 0 0 3 3 3 1 5 5 5 5 5 5 5 5 5 5 5 5 5 5 5 5 1 1 1 1 1 5 1 1 3 3 3 3 3 3 3 3 3 3 3 3 3 0
0 0 0 0 0 0 0 3 3 3 1 5 5 5 5 5 5 5 5 5 5 5 5 5 5 5 1 1 1 1 1 1 5 5 1 3 3 3 3 3 3 3 3 3 3 3 3 3 0
0 0 0 0 0 0 0 3 3 3 1 1 5 5 5 5 5 5 5 5 5 5 5 5 5 5 1 1 1 1 1 5 5 5 1 1 1 1 3 3 3 1 1 1 1 1 3 3 0
0 0 0 0 0 0 0 3 3 3 3 1 1 5 5 5 5 5 5 5 5 5 5 5 5 1 1 1 1 1 5 5 5 5 5 5 5 1 1 1 1 1 5 5 5 1 3 3 0
0 0 0 0 0 0 0 3 3 3 3 3 1 5 5 5 5 5 5 5 5 5 5 5 5 1 1 1 5 5 5 5 5 5 5 5 5 5 5 1 1 5 5 5 5 1 3 3 0
0 0 0 0 0 0 0 0 3 3 3 3 1 5 5 5 5 5 5 5 5 5 5 5 5 5 5 5 5 5 5 5 5 5 5 5 5 5 5 5 5 5 5 5 5 1 3 3 0
0 0 0 0 0 0 0 0 3 3 3 3 1 5 5 5 5 5 5 5 1 1 5 5 5 5 5 5 5 5 5 5 5 5 5 5 5 5 5 5 5 5 5 5 1 1 3 3 0
0 0 0 0 0 0 0 3 3 3 3 3 1 5 5 5 5 5 5 1 1 1 1 5 5 5 5 5 5 5 5 5 5 5 5 5 5 5 5 5 5 5 5 5 1 1 3 3 0
0 0 0 0 0 3 3 3 3 3 3 3 1 5 5 5 5 5 1 1 1 1 1 1 5 5 5 5 5 5 5 5 5 5 5 5 5 5 5 5 5 5 5 5 5 1 3 3 0
0 0 0 3 3 3 3 3 3 3 3 3 1 1 5 5 5 1 1 1 3 3 1 1 5 5 5 5 5 5 5 5 5 5 5 5 5 5 5 5 5 5 5 5 5 1 3 3 0
0 0 3 3 3 3 3 3 3 3 3 3 3 1 1 2 1 1 3 3 3 3 3 1 1 5 5 5 5 5 1 1 5 5 5 5 5 5 5 5 5 5 5 5 1 1 3 3 0
0 3 3 3 3 6 6 6 6 3 3 3 3 6 6 6 6 1 3 3 3 3 3 3 1 1 5 5 5 1 1 1 1 5 5 5 5 5 5 5 5 5 5 5 1 3 3 3 0
0 3 3 3 6 6 6 6 6 6 6 6 6 6 6 6 6 1 3 3 3 3 3 3 3 1 1 1 1 1 3 3 1 1 5 5 5 5 5 5 5 5 5 1 1 3 3 3 0
0 3 3 6 6 6 6 6 6 6 6 6 6 6 6 6 3 3 3 3 0 0 3 3 3 3 3 3 3 3 3 3 3 1 1 1 5 5 5 5 5 5 1 1 3 3 3 0 0
0 3 3 6 6 6 6 6 6 6 6 6 6 6 6 3 3 3 3 3 0 0 0 3 3 3 3 3 3 3 3 3 3 3 3 1 1 1 5 1 1 1 1 3 3 3 3 0 0
0 3 3 6 6 6 6 6 6 6 6 6 6 6 3 3 3 3 0 0 0 0 0 0 0 0 0 0 0 0 0 3 3 3 3 3 3 1 1 1 3 3 3 3 3 3 0 0 0
0 3 3 6 6 6 6 6 6 6 6 6 6 6 3 3 3 0 0 0 0 0 3 3 3 3 3 3 3 3 3 0 0 3 3 3 3 3 3 3 3 3 3 3 3 0 0 0 0
0 3 3 6 6 6 6 6 6 6 6 6 6 3 3 3 3 0 0 0 3 3 3 3 3 3 3 3 3 3 3 3 3 0 0 3 3 3 3 3 3 3 0 0 0 0 0 0 0
0 3 3 3 6 6 6 6 6 6 6 6 6 3 3 3 3 0 0 3 3 3 3 3 6 6 6 6 6 3 3 3 3 0 0 0 0 0 0 0 0 0 0 0 0 0 0 0 0
0 3 3 3 6 6 6 6 6 6 6 6 6 3 3 3 3 3 3 3 3 3 6 6 6 6 6 6 6 6 6 3 3 3 0 0 0 0 0 0 0 0 0 0 0 0 0 0 0
0 0 3 3 3 6 6 6 6 6 6 6 6 6 6 3 3 3 3 3 3 6 6 6 6 6 6 6 6 6 6 3 3 3 0 0 0 0 0 0 0 0 0 0 0 0 0 0 0
0 0 3 3 3 3 6 6 6 6 6 6 6 6 6 6 6 3 3 3 6 6 6 6 6 6 6 6 6 6 6 6 3 3 0 0 0 0 0 0 0 0 0 0 0 0 0 0 0
0 0 0 3 3 3 3 6 6 6 6 6 6 6 6 6 6 6 6 6 6 6 6 6 6 6 6 6 6 6 6 6 3 3 0 0 0 0 0 0 0 0 0 0 0 0 0 0 0
0 0 0 0 3 3 3 3 6 6 6 6 6 6 6 6 6 6 6 6 6 6 6 6 6 6 6 6 6 6 6 6 3 3 0 0 0 0 0 0 0 0 0 0 0 0 0 0 0
0 0 0 0 0 3 3 3 3 6 6 6 6 6 6 6 6 6 6 6 6 6 6 6 6 6 6 6 6 6 6 3 3 3 0 0 0 0 0 0 0 0 0 0 0 0 0 0 0
0 0 0 0 0 0 3 3 3 3 6 6 6 6 6 6 6 6 6 6 6 6 6 6 6 6 6 6 6 6 6 3 3 3 0 0 0 0 0 0 0 0 0 0 0 0 0 0 0
0 0 0 0 0 0 0 3 3 3 3 3 6 6 6 6 6 6 6 6 6 6 6 6 6 6 6 6 6 6 3 3 3 0 0 0 0 0 0 0 0 0 0 0 0 0 0 0 0
0 0 0 0 0 0 0 3 3 3 3 3 3 3 3 6 6 6 6 6 6 6 6 6 6 6 6 6 3 3 3 3 3 0 0 0 0 0 0 0 0 0 0 0 0 0 0 0 0
0 0 0 0 0 0 0 0 0 0 3 3 3 3 3 3 3 3 6 6 6 6 6 6 6 6 3 3 3 3 3 0 0 0 0 0 0 0 0 0 0 0 0 0 0 0 0 0 0
0 0 0 0 0 0 0 0 0 0 0 0 0 3 3 3 3 3 3 3 3 3 3 3 3 3 3 3 3 3 0 0 0 0 0 0 0 0 0 0 0 0 0 0 0 0 0 0 0
0 0 0 0 0 0 0 0 0 0 0 0 0 0 0 0 3 3 3 3 3 3 3 3 3 3 3 3 0 0 0 0 0 0 0 0 0 0 0 0 0 0 0 0 0 0 0 0 0
0 0 0 0 0 0 0 0 0 0 0 0 0 0 0 0 0 0 0 0 0 0 0 0 0 0 0 0 0 0 0 0 0 0 0 0 0 0 0 0 0 0 0 0 0 0 0 0 0
2
3
0 27 32
1 42 6
1 20 22
8
5 8 14
5 33 18
5 21 30
5 38 34
5 46 14
6 31 43
6 7 35
7 48 27
7
0 26 25
0 26 23
0 26 21
0 26 19
4 11 18
4 10 31
6 36 40
3
0 45 24
1 8 33
1 39 40
12
3 6 19
5 41 5
5 48 11
5 40 12
5 8 14
5 23 12
5 25 21
5 11 30
5 33 34
5 26 28
5 18 14
6 22 28
10
3 22 15 12 1
5 20 16
5 20 18
5 20 20
5 20 22
5 20 24
6 20 26
5 20 28
5 33 23
7 39 13