33 38
0 0 0 0 0 0 0 0 0 0 0 0 0 0 0 0 0 0 0 0 0 0 0 0 0 0 0 0 0 0 0 0 0 0 0 0 0 0
0 0 0 0 0 0 0 0 0 0 0 0 0 0 0 0 0 0 0 0 0 0 0 0 0 0 0 3 3 3 3 3 3 3 3 3 3 0
0 0 0 0 0 0 0 0 0 0 0 0 0 0 0 0 0 0 0 0 0 0 0 0 0 0 3 3 3 3 3 3 3 3 3 3 3 0
0 0 0 0 0 0 0 0 0 0 0 0 0 0 0 0 0 0 0 0 0 0 0 0 0 0 3 3 3 6 6 6 6 3 3 3 3 0
0 0 0 0 0 0 0 0 0 0 0 0 0 0 0 0 0 0 0 0 0 0 0 0 0 3 3 3 6 6 6 6 6 6 3 3 3 0
0 0 0 0 0 0 0 0 0 0 0 0 0 0 0 0 0 0 0 0 0 0 0 0 0 3 3 3 6 6 6 6 6 6 3 3 3 0
0 0 0 0 0 0 0 0 0 0 0 0 0 0 0 0 0 0 0 0 0 0 0 0 3 3 3 6 6 6 6 6 6 6 3 3 3 0
0 0 0 0 0 0 0 0 0 0 3 3 3 3 3 3 3 3 3 3 3 3 3 3 3 3 3 6 6 6 6 6 6 6 6 3 3 0
0 0 0 0 0 0 0 0 0 3 3 3 3 3 3 3 3 3 3 3 3 3 3 3 3 3 6 6 6 6 6 6 6 6 6 3 3 0
0 0 0 0 0 0 0 3 3 3 3 3 3 1 1 1 1 1 1 1 1 1 1 1 1 1 6 6 6 6 6 6 6 6 6 3 3 0
0 0 0 0 0 0 3 3 3 3 3 1 1 1 5 5 5 5 1 1 1 5 5 5 1 6 6 6 6 6 6 6 6 6 6 3 3 0
0 0 0 0 0 0 3 3 3 1 1 1 5 5 5 5 5 5 5 5 5 5 5 5 1 6 6 6 6 6 6 6 6 6 6 3 3 0
0 0 0 0 0 0 3 3 1 1 5 5 5 5 5 5 5 5 5 5 5 5 5 5 2 6 6 6 6 6 6 6 6 6 3 3 3 0
0 0 0 0 0 0 3 3 1 5 5 5 5 5 5 5 5 5 5 5 5 5 5 5 1 6 6 6 6 6 6 6 6 6 3 3 3 0
0 0 0 0 0 0 3 3 1 5 5 5 5 5 5 5 5 5 5 5 5 5 5 5 1 6 6 6 6 6 6 6 6 3 3 3 0 0
0 0 0 0 0 0 3 3 1 5 5 5 5 5 5 5 5 5 5 5 5 5 5 5 1 1 6 6 6 6 6 6 6 3 3 3 0 0
0 0 0 0 0 0 3 3 1 1 5 5 5 5 5 5 5 5 5 5 5 5 1 1 1 1 1 1 6 6 6 6 3 3 3 0 0 0
0 0 0 0 0 0 3 3 3 1 1 1 5 5 5 5 5 5 5 5 5 5 1 1 1 1 3 3 3 3 3 3 3 3 3 0 0 0
0 0 0 0 0 0 3 3 3 1 1 1 1 5 5 5 5 5 5 5 5 5 5 1 1 3 3 3 3 3 3 3 3 3 0 0 0 0
0 0 0 0 0 0 0 3 3 3 1 1 1 5 5 5 5 5 5 5 5 5 5 1 1 3 3 3 3 3 3 3 3 3 0 0 0 0
0 0 0 0 3 3 3 3 3 3 1 1 1 5 5 5 5 5 5 5 5 5 5 5 1 1 3 3 3 3 3 3 3 3 0 0 0 0
0 0 0 3 3 3 3 3 3 1 1 1 5 5 5 5 5 5 5 5 5 5 5 5 5 1 3 3 3 3 3 3 3 3 3 0 0 0
0 3 3 3 3 3 3 1 1 1 1 5 5 5 5 5 5 5 5 5 5 5 5 5 5 1 3 3 3 3 3 3 3 3 3 0 0 0
0 3 3 3 3 1 1 1 5 5 5 5 5 5 5 5 5 5 5 5 5 5 5 5 1 1 3 3 3 3 3 3 3 3 3 0 0 0
0 3 3 1 1 1 5 5 5 5 5 5 5 5 5 5 5 1 1 1 1 5 5 1 1 3 3 3 3 0 3 3 3 3 0 0 0 0
0 3 3 1 5 5 5 5 5 5 5 5 5 5 5 1 1 1 1 1 1 1 1 1 3 3 3 3 3 0 0 0 0 0 0 0 0 0
0 3 3 1 5 5 5 5 5 5 5 5 5 5 1 1 3 3 3 3 3 3 3 3 3 3 3 0 0 0 0 0 0 0 0 0 0 0
0 3 3 1 5 5 5 5 5 5 5 5 5 1 1 3 3 3 3 3 3 3 3 3 3 3 0 0 0 0 0 0 0 0 0 0 0 0
0 3 3 1 1 5 5 5 5 5 1 1 1 1 3 3 3 3 3 3 0 0 0 0 0 0 0 0 0 0 0 0 0 0 0 0 0 0
0 3 3 3 1 1 1 1 1 1 1 3 3 3 3 3 3 0 0 0 0 0 0 0 0 0 0 0 0 0 0 0 0 0 0 0 0 0
0 3 3 3 3 3 3 3 3 3 3 3 3 3 3 3 0 0 0 0 0 0 0 0 0 0 0 0 0 0 0 0 0 0 0 0 0 0
0 0 3 3 3 3 3 3 3 3 3 3 3 0 0 0 0 0 0 0 0 0 0 0 0 0 0 0 0 0 0 0 0 0 0 0 0 0
0 0 0 0 0 0 0 0 0 0 0 0 0 0 0 0 0 0 0 0 0 0 0 0 0 0 0 0 0 0 0 0 0 0 0 0 0 0
2
1
0 6 31
4
5 8 19
5 12 10
5 21 24
6 26 6
4
5 25 11
5 16 15
5 21 22
6 15 25
1
0 24 6
3
3 10 14
5 18 10
7 4 30
4
3 12 12 11 2
3 14 11 12 2
3 16 12 9 2
4 11 29