52 54
0 0 0 0 0 0 0 0 0 0 0 0 0 0 0 0 0 0 0 0 0 0 0 0 0 0 0 0 0 0 0 0 0 0 0 0 0 0 0 0 0 0 0 0 0 0 0 0 0 0 0 0 0 0
0 0 0 0 0 0 0 0 0 3 3 3 3 3 3 3 3 3 0 0 0 0 0 0 0 0 0 0 0 0 0 0 0 0 0 0 0 0 0 0 0 0 0 0 0 0 0 0 0 0 0 0 0 0
0 0 0 0 0 3 3 3 3 3 3 3 3 3 3 3 3 3 3 0 0 0 0 0 0 0 0 0 0 0 0 0 0 0 0 0 0 0 0 0 0 0 0 0 0 0 0 0 0 0 0 0 0 0
0 0 0 0 3 3 3 3 3 3 3 1 1 1 1 1 3 3 3 0 0 0 0 0 0 0 0 0 0 0 0 0 0 0 0 0 0 0 0 0 0 0 0 0 0 0 0 0 0 0 0 0 0 0
0 0 0 3 3 3 3 1 1 1 1 1 5 5 5 1 1 3 3 3 0 0 0 0 0 0 0 0 0 0 0 0 0 0 0 0 0 0 0 0 0 0 0 0 0 0 0 0 0 0 0 0 0 0
0 0 3 3 3 3 1 1 5 5 5 5 5 5 5 5 1 3 3 3 0 0 0 0 0 0 0 0 0 0 0 0 0 0 0 0 0 0 0 0 0 0 0 0 0 0 0 0 0 0 0 0 0 0
0 0 3 3 3 1 1 5 5 5 5 5 5 5 5 5 1 1 3 3 3 3 3 0 0 0 0 0 0 0 0 0 0 0 0 0 0 0 0 0 0 0 0 0 0 0 0 0 0 0 0 0 0 0
0 3 3 3 1 1 5 5 5 5 5 5 5 5 5 5 5 1 3 3 3 3 3 3 3 3 3 3 3 0 0 0 0 0 0 0 0 0 0 0 0 0 0 0 0 0 0 0 0 0 0 0 0 0
0 3 3 3 1 5 5 5 5 5 5 5 5 5 5 5 5 1 1 1 1 3 3 3 3 3 3 3 3 3 3 3 0 0 0 0 0 0 0 0 0 0 0 0 0 0 0 0 0 0 0 0 0 0
0 3 3 1 1 5 5 5 5 5 5 5 5 5 5 5 5 5 5 5 1 1 1 1 1 1 1 3 3 3 3 3 0 0 0 0 0 0 0 0 0 0 0 0 0 0 0 0 0 0 0 0 0 0
0 3 3 1 5 5 5 5 5 5 5 5 5 5 5 5 5 5 5 5 5 5 5 5 5 5 1 1 1 1 3 3 3 0 0 0 0 0 0 0 0 0 0 3 3 3 3 3 3 3 3 3 0 0
0 3 3 1 5 5 5 5 5 5 5 5 5 5 5 5 5 5 5 5 5 5 5 5 5 5 5 5 5 1 3 3 3 0 0 0 0 0 0 0 0 3 3 3 3 3 3 3 3 3 3 3 3 0
0 3 3 1 5 5 5 5 5 5 5 5 5 5 5 5 5 5 5 5 5 5 5 5 5 5 5 5 5 5 1 3 3 0 0 0 0 0 0 0 3 3 3 3 3 1 1 1 1 1 3 3 3 0
0 3 3 1 5 5 5 5 5 5 5 1 1 1 1 5 5 5 5 5 5 5 5 5 5 5 5 5 5 5 1 3 3 3 0 0 0 0 3 3 3 3 3 1 1 1 5 5 5 1 1 3 3 0
0 3 3 1 1 5 5 5 5 5 5 1 3 3 1 1 1 5 5 5 5 5 5 5 5 5 5 5 5 5 1 3 3 3 3 3 0 3 3 3 3 3 1 1 5 5 5 5 5 5 1 3 3 0
0 3 3 3 1 5 5 5 5 5 1 1 3 3 3 3 1 1 5 5 5 1 1 1 5 5 5 5 5 5 1 1 3 3 3 3 3 3 3 3 1 1 1 5 5 5 5 5 5 5 1 3 3 0
0 3 3 3 1 1 5 5 1 1 1 3 3 3 3 3 3 1 1 1 1 1 1 1 5 5 5 5 5 5 5 1 1 1 3 3 3 3 3 1 1 5 5 5 5 5 5 5 5 5 1 3 3 0
0 0 3 3 3 1 1 1 1 3 3 3 3 3 3 3 3 3 3 3 3 3 1 1 5 5 5 5 5 5 5 5 5 1 1 3 3 3 1 1 5 5 5 5 5 5 5 5 5 5 1 3 3 0
0 0 3 3 3 3 3 3 3 3 3 3 3 0 0 3 3 3 3 3 3 3 1 5 5 5 5 5 5 5 5 5 5 5 1 1 1 1 1 5 5 5 5 5 5 5 5 5 5 1 1 3 3 0
0 0 0 3 3 3 3 3 3 3 3 0 0 0 0 0 0 3 3 3 3 3 1 5 5 5 5 5 5 5 5 5 5 5 5 5 5 5 5 5 5 5 5 5 5 5 5 5 1 1 3 3 3 0
0 0 0 0 0 0 0 0 0 0 0 0 0 0 0 0 0 3 3 3 1 1 1 5 5 5 5 5 5 5 5 5 5 5 5 5 5 5 5 5 5 5 5 5 5 5 5 1 1 3 3 3 3 0
0 0 0 0 0 0 0 0 0 0 0 0 0 0 0 0 0 3 3 1 1 5 5 5 5 5 5 1 1 1 5 5 5 5 5 5 5 5 5 5 5 5 5 5 5 5 1 1 3 3 3 3 0 0
0 0 0 0 0 0 0 0 0 0 0 0 0 0 0 0 0 3 3 1 5 5 5 5 5 5 5 1 1 1 1 1 5 5 5 5 5 5 5 5 5 5 5 5 1 1 1 3 3 3 3 0 0 0
0 0 0 0 0 0 0 0 0 0 0 0 0 0 0 0 0 3 3 1 5 5 5 5 5 5 5 1 1 1 1 1 1 5 5 5 5 5 5 5 5 5 1 1 1 3 3 3 3 3 0 0 0 0
0 0 0 0 0 0 0 0 0 0 0 0 0 0 0 0 0 3 3 1 1 5 5 5 5 5 5 1 1 1 1 1 1 5 5 5 5 5 5 5 5 1 1 3 3 3 3 3 3 0 0 0 0 0
0 0 0 0 0 0 0 0 0 0 0 0 3 3 3 3 3 3 3 3 1 1 5 5 5 5 5 1 1 1 1 1 5 5 5 5 5 5 5 5 5 1 3 3 3 3 3 0 0 0 0 0 0 0
0 0 0 0 0 0 0 0 0 3 3 3 3 3 3 3 3 3 3 3 1 1 5 5 5 5 5 1 1 1 1 5 5 5 5 5 5 5 5 1 1 1 3 3 3 0 0 0 0 0 0 0 0 0
0 0 0 0 0 0 0 3 3 3 3 3 3 3 1 1 1 1 1 1 1 5 5 5 5 5 5 1 1 5 5 5 5 5 5 5 5 1 1 1 3 3 3 3 0 0 0 0 0 0 0 0 0 0
0 0 0 0 0 3 3 3 3 3 3 1 1 1 1 5 1 1 1 5 5 5 5 5 5 5 5 5 5 5 5 5 5 5 5 5 1 1 3 3 3 3 3 3 0 0 0 0 0 0 0 0 0 0
0 0 0 0 3 3 3 3 3 1 1 1 5 5 5 5 5 5 5 5 5 5 5 5 5 5 5 5 5 5 5 5 5 5 5 1 1 3 3 3 3 3 0 0 0 0 0 0 0 0 0 0 0 0
0 0 0 3 3 3 3 1 1 1 5 5 5 5 5 5 5 5 5 5 5 5 5 5 5 5 5 5 5 5 5 5 5 5 5 1 1 3 3 3 3 0 0 0 0 0 0 0 0 0 0 0 0 0
0 0 0 3 3 3 1 1 5 5 5 5 5 5 5 5 5 5 5 5 5 5 5 5 5 5 5 5 5 5 5 5 5 5 5 5 1 1 3 3 3 0 0 0 0 0 0 0 0 0 0 0 0 0
0 0 3 3 3 1 1 5 5 5 5 5 5 5 5 5 5 5 5 5 5 5 5 5 5 5 5 5 5 5 5 5 5 5 5 5 5 1 1 3 3 0 0 0 0 0 0 0 0 0 0 0 0 0
0 0 3 3 3 1 5 5 5 5 5 5 5 5 5 5 5 5 5 5 5 5 5 5 5 5 5 5 5 5 5 5 5 5 5 5 5 5 1 3 3 0 0 0 0 0 0 0 0 0 0 0 0 0
0 0 3 3 1 1 5 5 5 5 5 5 5 5 5 5 5 5 5 5 5 1 1 1 5 5 5 5 5 5 5 5 5 5 5 5 5 5 1 3 3 0 0 0 0 0 0 0 0 0 0 0 0 0
0 0 3 3 1 5 5 5 5 5 5 5 5 5 5 5 5 5 5 5 1 1 1 1 5 5 5 5 5 5 5 5 5 5 5 5 5 5 1 3 3 0 0 0 0 0 0 0 0 0 0 0 0 0
0 0 3 3 1 5 5 5 5 5 5 5 5 5 5 5 5 5 5 5 1 3 3 1 1 5 5 5 5 5 5 5 5 5 5 5 5 1 1 3 3 0 0 0 0 0 0 0 0 0 0 0 0 0
0 0 3 3 1 5 5 5 5 5 5 5 5 5 5 5 5 5 5 1 1 3 3 3 1 5 5 5 5 5 5 5 5 5 5 5 5 1 1 3 3 3 0 0 0 0 0 0 0 0 0 0 0 0
0 0 3 3 1 5 5 5 5 5 5 5 5 5 5 5 5 1 1 1 3 3 3 3 1 1 1 5 5 5 5 5 5 5 5 5 5 5 1 3 3 3 0 0 0 0 0 0 0 0 0 0 0 0
0 0 3 3 1 1 5 5 5 5 5 5 5 5 5 5 5 1 3 3 3 3 3 3 3 3 1 1 5 5 5 5 5 5 5 5 5 5 1 1 3 3 0 0 0 0 0 0 0 0 0 0 0 0
0 0 3 3 3 1 5 5 5 5 5 5 5 5 5 5 1 1 3 3 3 3 0 3 3 3 3 1 1 5 5 5 5 5 5 5 5 5 5 1 3 3 0 0 0 0 0 0 0 0 0 0 0 0
0 0 3 3 3 1 1 5 5 5 5 5 5 5 5 1 1 3 3 3 0 0 0 0 3 3 3 3 1 1 5 5 5 5 5 5 1 1 1 1 3 3 0 0 0 0 0 0 0 0 0 0 0 0
0 0 0 3 3 1 1 5 5 5 5 5 5 5 5 1 3 3 3 3 0 0 0 0 0 3 3 3 3 1 1 1 1 1 1 1 1 3 3 3 3 3 0 0 0 0 0 0 0 0 0 0 0 0
0 0 0 3 3 1 1 5 5 5 5 5 5 5 1 1 3 3 3 0 0 0 0 0 0 3 3 3 3 3 3 3 3 3 3 3 3 3 3 3 3 3 0 0 0 0 0 0 0 0 0 0 0 0
0 0 0 3 3 1 5 5 5 5 5 5 5 1 1 3 3 3 0 0 0 0 0 0 0 0 0 3 3 3 3 3 3 3 3 3 3 3 3 0 0 0 0 0 0 0 0 0 0 0 0 0 0 0
0 0 0 3 3 1 5 5 5 5 5 5 1 1 3 3 3 0 0 0 0 0 0 0 0 0 0 0 0 0 0 0 0 0 0 0 0 0 0 0 0 0 0 0 0 0 0 0 0 0 0 0 0 0
0 0 0 3 3 1 5 5 5 5 1 1 1 3 3 3 3 0 0 0 0 0 0 0 0 0 0 0 0 0 0 0 0 0 0 0 0 0 0 0 0 0 0 0 0 0 0 0 0 0 0 0 0 0
0 0 0 3 3 1 1 5 5 1 1 3 3 3 3 3 0 0 0 0 0 0 0 0 0 0 0 0 0 0 0 0 0 0 0 0 0 0 0 0 0 0 0 0 0 0 0 0 0 0 0 0 0 0
0 0 0 3 3 3 1 1 1 1 3 3 3 3 0 0 0 0 0 0 0 0 0 0 0 0 0 0 0 0 0 0 0 0 0 0 0 0 0 0 0 0 0 0 0 0 0 0 0 0 0 0 0 0
0 0 0 3 3 3 3 3 3 3 3 3 3 0 0 0 0 0 0 0 0 0 0 0 0 0 0 0 0 0 0 0 0 0 0 0 0 0 0 0 0 0 0 0 0 0 0 0 0 0 0 0 0 0
0 0 0 0 3 3 3 3 3 3 3 3 0 0 0 0 0 0 0 0 0 0 0 0 0 0 0 0 0 0 0 0 0 0 0 0 0 0 0 0 0 0 0 0 0 0 0 0 0 0 0 0 0 0
0 0 0 0 0 0 0 0 0 0 0 0 0 0 0 0 0 0 0 0 0 0 0 0 0 0 0 0 0 0 0 0 0 0 0 0 0 0 0 0 0 0 0 0 0 0 0 0 0 0 0 0 0 0
3
1
0 27 31
12
3 4 12
5 11 82
5 15 7
5 18 33
5 22 20
5 28 15
5 34 37
5 39 37
5 40 30
5 40 35
6 15 47
6 43 8
0
1
0 11 7
6
5 35 28
5 31 30
5 37 35
5 22 20
6 42 9
6 22 36
29
7 34 7
7 40 10
7 29 22
7 22 23
7 32 26
7 37 33
7 28 32
7 17 29
7 20 39
7 17 44
7 15 47
7 14 27
7 12 21
7 11 11
7 6 12
7 34 13
7 31 18
7 45 7
7 37 11
7 38 29
7 34 33
7 23 34
7 8 7
7 39 7
7 38 15
7 30 12
7 36 25
7 25 25
7 10 17
1
0 40 9
7
5 14 5
5 17 31
5 24 26
5 40 30
5 17 48
5 29 12
5 7 16
19
5 7 12
5 37 30
5 13 26
6 39 36
6 34 8
6 35 15
6 29 22
6 30 30
6 24 35
6 19 42
6 16 46
6 19 25
6 12 17
6 13 7
6 8 8
6 46 7
6 30 13
6 22 21
6 19 32