52 50
0 0 0 0 0 0 0 0 0 0 0 0 0 0 0 0 0 0 0 0 0 0 0 0 0 0 0 0 0 0 0 0 0 0 0 0 0 0 0 0 0 0 0 0 0 0 0 0 0 0
0 0 0 0 0 0 0 0 0 0 0 0 0 0 0 0 0 0 0 3 3 3 3 3 3 3 3 3 3 3 3 3 3 3 3 0 0 0 0 0 0 0 0 0 0 0 0 0 0 0
0 0 3 3 3 3 3 3 3 0 0 0 0 0 0 0 3 3 3 3 3 3 3 3 3 3 3 3 3 3 3 3 3 3 3 3 3 0 0 0 0 0 0 0 0 0 0 0 0 0
0 3 3 3 3 3 3 3 3 3 3 3 3 0 3 3 3 3 3 3 3 3 1 1 1 1 1 1 1 1 1 3 3 3 3 3 3 3 0 0 0 0 0 0 0 0 0 0 0 0
0 3 3 3 6 6 6 3 3 3 3 3 3 3 3 3 3 3 3 1 1 1 1 1 5 5 5 5 5 5 1 1 1 3 3 3 3 3 0 0 0 0 0 0 0 0 0 0 0 0
0 3 3 6 6 6 6 6 6 3 3 3 3 3 3 3 1 1 1 1 1 1 1 5 5 5 5 5 5 5 5 1 1 1 3 3 3 3 3 0 0 0 0 0 0 0 0 0 0 0
0 3 3 6 6 6 6 6 6 6 6 3 3 3 6 6 1 1 1 1 1 5 5 5 5 5 5 5 5 5 5 5 1 1 1 3 3 3 3 0 0 0 0 0 0 0 0 0 0 0
0 3 3 6 6 6 6 6 6 6 6 6 6 1 6 6 1 1 5 5 5 5 5 5 5 5 5 5 5 5 5 5 5 1 1 1 1 3 3 3 0 0 0 0 0 0 0 0 0 0
0 3 3 6 6 6 6 6 6 6 6 6 6 1 1 1 1 5 5 5 5 5 5 5 5 5 5 5 5 5 5 5 5 5 1 1 1 1 3 3 3 0 0 0 0 0 0 0 0 0
0 3 3 6 6 6 6 6 6 6 6 6 1 1 1 5 5 5 5 5 5 5 5 5 5 5 5 5 5 5 5 5 5 5 5 1 1 1 3 3 3 0 0 0 0 0 0 0 0 0
0 3 3 3 6 6 6 6 6 6 6 1 1 1 5 5 5 5 5 5 5 5 5 5 5 5 5 5 5 5 5 5 5 5 5 5 1 1 1 3 3 3 0 0 0 0 0 0 0 0
0 3 3 3 3 6 6 6 6 6 1 1 1 1 5 5 5 5 5 5 5 5 5 5 5 5 5 5 5 5 5 5 5 5 5 5 5 1 1 1 3 3 3 0 0 0 0 0 0 0
0 3 3 3 3 3 3 6 6 6 1 1 1 5 5 5 5 5 5 5 5 5 5 5 5 5 5 5 5 5 5 5 5 5 5 5 5 1 1 1 3 3 3 3 0 0 0 0 0 0
0 3 3 3 3 3 3 6 6 6 6 1 1 5 5 5 5 5 5 5 5 5 5 5 5 5 5 5 5 5 5 5 5 5 5 5 5 5 1 1 1 3 3 3 3 3 0 0 0 0
0 3 3 3 3 3 3 3 6 6 6 1 2 5 5 5 5 5 5 5 5 5 5 5 5 5 5 5 5 5 5 5 5 5 5 5 5 5 1 1 1 1 1 3 3 3 3 0 0 0
0 3 3 3 3 3 3 3 6 6 6 1 1 5 5 5 5 5 5 5 5 5 5 5 5 5 5 5 5 5 5 5 5 5 5 5 5 5 5 1 1 1 1 1 3 3 3 3 0 0
0 0 3 3 3 3 3 3 6 6 6 1 1 5 5 5 5 5 5 5 5 5 5 5 5 5 5 5 5 5 5 5 5 5 5 5 5 5 5 1 1 1 1 1 1 3 3 3 3 0
0 0 3 3 3 3 3 1 1 6 6 6 1 5 5 5 5 5 5 5 5 5 5 5 5 5 5 5 5 5 5 5 5 5 5 5 5 5 5 5 1 1 1 1 1 1 3 3 3 0
0 0 3 3 3 3 3 1 1 6 6 6 1 1 5 5 5 5 5 5 5 5 5 5 5 5 5 5 5 5 5 5 5 5 5 5 5 5 5 5 1 1 1 1 1 1 3 3 3 0
0 0 0 3 3 3 3 1 1 1 6 6 1 1 5 5 5 5 5 5 5 5 5 5 5 5 5 5 5 5 5 5 5 5 5 5 5 5 5 5 1 1 1 1 1 1 1 3 3 0
0 0 0 0 3 3 3 3 1 1 1 1 1 1 5 5 5 5 5 5 5 5 5 5 5 5 5 5 5 5 5 5 5 5 5 5 5 5 5 5 1 1 1 1 1 1 1 3 3 0
0 0 0 0 3 3 3 3 3 1 1 1 1 1 1 5 5 5 5 5 5 5 5 5 5 5 5 5 5 5 5 5 5 5 5 5 5 5 5 5 1 1 1 1 1 1 1 3 3 0
0 0 0 0 0 3 3 3 3 3 1 1 1 1 1 1 5 5 5 5 5 5 5 5 5 5 5 5 5 5 5 5 5 5 5 5 5 5 5 5 1 1 1 1 1 1 1 3 3 0
0 0 0 0 0 0 3 3 3 3 3 1 1 1 1 1 1 1 5 5 5 5 5 5 5 5 5 5 5 5 5 5 5 5 5 5 5 5 5 5 1 1 1 1 1 1 1 3 3 0
0 0 0 0 0 0 0 0 3 3 3 3 1 1 1 1 1 1 1 5 5 5 5 5 5 5 5 5 5 5 5 5 5 5 5 5 5 5 5 5 1 1 1 1 1 1 1 3 3 0
0 0 0 0 0 0 0 0 3 3 3 3 3 3 1 1 1 1 1 1 1 1 1 5 5 5 5 5 5 5 5 5 5 5 5 5 5 5 5 5 1 1 1 1 1 1 3 3 3 0
0 0 0 0 0 0 0 0 0 0 3 3 3 3 3 3 1 1 1 1 1 1 1 1 5 5 5 5 5 5 5 5 5 5 5 5 5 5 5 5 1 1 1 1 1 1 3 3 3 0
0 0 0 0 0 0 0 0 0 0 0 3 3 3 3 3 3 1 1 1 1 1 1 1 1 1 5 5 5 5 5 5 5 5 5 5 5 5 5 5 1 1 1 1 1 1 3 3 3 0
0 0 0 0 0 0 0 0 0 0 0 0 0 3 3 3 3 3 3 1 1 1 1 1 1 1 1 5 5 5 5 5 5 5 5 5 5 5 5 1 1 1 1 1 1 1 3 3 3 0
0 0 0 0 0 0 0 0 0 0 0 0 0 0 3 3 3 3 3 3 3 1 1 1 1 1 1 5 5 5 5 5 5 5 5 5 5 5 5 1 1 1 1 1 1 1 3 3 3 0
0 0 0 0 0 0 0 0 0 0 0 0 0 0 3 3 3 3 3 3 3 3 3 1 1 1 1 1 5 5 5 5 5 5 5 5 5 5 1 1 1 1 1 1 1 3 3 3 3 0
0 0 0 0 0 0 0 0 0 0 0 0 0 0 0 0 3 3 3 3 3 3 3 3 1 1 1 1 1 1 5 5 5 5 5 5 5 5 1 1 1 1 1 1 1 3 3 3 0 0
0 0 0 0 0 0 0 0 0 0 0 0 0 0 0 0 3 3 3 3 3 3 3 3 3 1 1 1 1 1 1 5 5 5 5 5 5 5 1 1 1 1 1 1 1 3 3 3 0 0
0 0 0 0 0 0 0 0 0 0 0 0 0 0 0 0 0 3 3 3 3 3 3 3 3 3 1 1 1 1 1 5 5 5 5 5 5 1 1 1 1 1 1 1 1 3 3 3 0 0
0 0 0 0 0 0 0 0 0 0 0 0 0 0 0 0 0 0 3 3 3 3 3 3 3 3 3 1 1 1 1 1 5 5 5 5 5 1 1 1 1 1 1 1 1 3 3 3 0 0
0 0 0 0 0 0 0 0 0 0 0 0 0 0 0 0 0 0 0 0 0 3 3 3 3 3 3 1 1 1 1 1 5 5 5 5 5 1 1 1 1 1 1 1 1 3 3 3 0 0
0 0 0 0 0 0 0 0 0 0 0 0 0 0 0 0 0 0 0 0 0 0 0 3 3 3 3 1 1 1 1 1 1 5 5 5 5 1 1 1 1 1 1 1 1 1 3 3 3 0
0 0 0 0 0 0 0 0 0 0 0 0 0 0 0 0 0 0 0 0 0 0 0 0 3 3 3 1 1 6 6 6 1 1 2 1 1 1 1 1 1 1 1 1 1 1 3 3 3 0
0 0 0 0 0 0 0 0 0 0 0 0 0 0 0 0 0 0 0 0 0 0 0 0 3 3 3 3 1 6 6 6 1 1 1 1 1 1 1 1 1 1 1 1 1 1 1 3 3 0
0 0 0 0 0 0 0 0 0 0 0 0 0 0 0 0 0 0 0 0 0 0 0 0 3 3 3 3 3 1 6 6 1 1 1 1 1 1 1 1 1 1 1 1 1 1 1 3 3 0
0 0 0 0 0 0 0 0 0 0 0 0 0 0 0 0 0 0 0 0 0 0 0 3 3 3 3 3 3 1 6 6 1 1 1 1 1 3 3 1 1 1 1 1 1 1 1 3 3 0
0 0 0 0 0 0 0 0 0 0 0 0 0 0 0 0 0 0 0 0 0 0 0 3 3 3 3 3 3 3 6 6 6 1 1 1 1 3 3 3 3 1 1 1 1 1 3 3 3 0
0 0 0 0 0 0 0 0 0 0 0 0 0 0 0 0 0 0 0 0 0 0 0 3 3 3 3 3 3 3 6 6 6 6 1 1 1 3 3 3 3 3 1 1 3 3 3 3 3 0
0 0 0 0 0 0 0 0 0 0 0 0 0 0 0 0 0 0 0 0 0 0 0 3 3 3 3 3 3 3 6 6 6 6 6 6 1 3 3 3 3 3 3 3 3 3 3 3 0 0
0 0 0 0 0 0 0 0 0 0 0 0 0 0 0 0 0 0 0 0 0 0 0 0 3 3 3 3 3 6 6 6 6 6 6 6 6 6 3 3 3 3 3 3 3 3 0 0 0 0
0 0 0 0 0 0 0 0 0 0 0 0 0 0 0 0 0 0 0 0 0 0 0 0 3 3 3 3 6 6 6 6 6 6 6 6 6 6 3 3 3 3 3 3 3 0 0 0 0 0
0 0 0 0 0 0 0 0 0 0 0 0 0 0 0 0 0 0 0 0 0 0 0 0 0 3 3 3 6 6 6 6 6 6 6 6 6 6 3 3 3 3 3 3 0 0 0 0 0 0
0 0 0 0 0 0 0 0 0 0 0 0 0 0 0 0 0 0 0 0 0 0 0 0 0 3 3 3 3 6 6 6 6 6 6 6 3 3 3 3 3 3 0 0 0 0 0 0 0 0
0 0 0 0 0 0 0 0 0 0 0 0 0 0 0 0 0 0 0 0 0 0 0 0 0 3 3 3 3 3 3 6 6 6 3 3 3 3 3 3 0 0 0 0 0 0 0 0 0 0
0 0 0 0 0 0 0 0 0 0 0 0 0 0 0 0 0 0 0 0 0 0 0 0 0 0 3 3 3 3 3 3 3 3 3 3 3 3 3 3 0 0 0 0 0 0 0 0 0 0
0 0 0 0 0 0 0 0 0 0 0 0 0 0 0 0 0 0 0 0 0 0 0 0 0 0 0 3 3 3 3 3 3 3 3 3 3 0 0 0 0 0 0 0 0 0 0 0 0 0
0 0 0 0 0 0 0 0 0 0 0 0 0 0 0 0 0 0 0 0 0 0 0 0 0 0 0 0 0 0 0 0 0 0 0 0 0 0 0 0 0 0 0 0 0 0 0 0 0 0
1
3
0 18 43
1 9 28
1 7 6
7
5 5 16
5 9 38
5 16 7
5 39 46
5 47 31
6 25 20
7 17 28