48 50
0 0 0 0 0 0 0 0 0 0 0 0 0 0 0 0 0 0 0 0 0 0 0 0 0 0 0 0 0 0 0 0 0 0 0 0 0 0 0 0 0 0 0 0 0 0 0 0 0 0
0 0 0 0 0 0 0 0 0 0 0 3 3 3 3 3 3 3 3 3 3 0 0 0 0 0 0 0 0 0 0 0 0 0 0 0 0 0 0 0 0 0 0 0 0 0 0 0 0 0
0 0 0 0 0 0 0 0 0 0 3 3 3 3 3 3 3 3 3 3 3 3 0 0 0 0 0 0 0 0 0 0 0 0 0 0 0 0 0 0 0 0 0 0 0 0 0 0 0 0
0 0 0 0 0 0 0 0 0 0 3 3 3 1 1 1 1 1 1 3 3 3 0 0 0 0 0 0 0 0 0 0 0 0 0 0 0 0 0 0 0 0 0 0 0 0 0 0 0 0
0 0 0 0 0 0 0 0 0 3 3 3 1 1 5 5 5 5 1 1 3 3 3 0 0 0 0 0 0 0 0 0 0 0 0 0 0 0 0 0 0 0 0 0 0 0 0 0 0 0
0 0 0 0 0 0 0 0 0 3 3 3 1 5 5 5 5 5 5 1 3 3 3 3 0 0 0 0 0 0 0 0 0 0 0 0 0 0 0 0 0 0 0 0 0 0 0 0 0 0
0 0 0 0 0 0 0 0 0 3 3 1 1 5 5 5 5 5 5 1 1 3 3 3 3 0 0 0 0 0 0 0 0 0 0 0 0 0 0 0 0 0 0 0 0 0 0 0 0 0
0 0 3 3 3 3 3 3 3 3 3 1 1 5 5 5 5 5 5 5 1 1 3 3 3 3 0 0 0 0 0 0 0 0 0 0 0 0 0 0 0 0 0 0 0 0 0 0 0 0
0 3 3 3 3 3 3 3 3 3 3 1 5 5 5 5 5 5 5 5 1 1 1 3 3 3 3 0 0 0 0 0 0 0 3 3 3 3 3 0 0 0 0 0 0 0 0 0 0 0
0 3 3 3 1 1 1 3 3 3 1 1 5 5 5 5 5 5 5 5 1 1 1 1 3 3 3 3 3 0 0 0 3 3 3 3 3 3 3 0 0 0 0 0 0 0 0 0 0 0
0 3 3 1 1 1 1 1 1 1 1 5 5 5 5 5 5 5 5 5 5 1 1 1 1 3 3 3 3 3 3 3 3 3 3 3 1 3 3 0 0 0 0 0 0 0 0 0 0 0
0 3 3 1 1 1 1 1 1 5 5 5 5 5 5 5 5 5 5 5 5 5 5 1 1 1 1 3 3 3 3 3 3 3 1 1 1 3 3 0 0 0 0 0 0 0 0 0 0 0
0 3 3 1 1 1 1 1 1 5 5 5 5 5 5 5 5 5 5 5 5 5 5 1 1 1 1 1 1 1 1 1 1 1 1 1 1 3 3 0 0 0 0 0 0 0 0 0 0 0
0 3 3 1 1 1 1 1 1 5 5 5 5 5 5 5 5 5 5 5 5 5 5 1 1 1 1 1 1 1 1 1 1 1 1 1 3 3 3 0 0 0 0 0 0 0 0 0 0 0
0 3 3 1 1 1 1 1 1 1 1 2 1 1 1 5 5 5 5 5 5 5 5 1 1 1 1 1 1 1 1 1 1 1 3 3 3 3 3 0 0 0 0 0 0 0 0 0 0 0
0 3 3 3 1 1 1 1 1 1 1 1 1 1 1 5 5 5 5 5 5 5 5 5 1 1 1 1 1 1 1 1 1 1 3 3 3 3 0 0 0 0 0 0 0 0 0 0 0 0
0 3 3 3 3 1 1 1 1 1 1 1 1 1 1 5 5 5 5 5 5 5 5 5 1 1 1 1 1 1 1 1 1 1 3 3 3 0 0 0 0 0 0 3 3 3 3 3 0 0
0 0 3 3 3 3 3 1 6 6 6 6 6 1 1 1 5 5 5 5 5 5 5 5 5 1 1 1 1 1 1 1 1 1 1 3 3 3 0 0 0 3 3 3 3 3 3 3 0 0
0 0 0 3 3 3 3 6 6 6 6 6 6 6 1 1 1 5 5 5 5 5 5 5 5 1 1 1 1 1 1 1 1 3 3 3 3 3 3 3 3 3 3 3 3 1 3 3 0 0
0 0 0 0 3 3 3 6 6 6 6 6 6 6 6 6 1 5 5 5 5 5 5 5 5 5 1 1 1 1 1 1 3 3 3 3 3 3 3 3 3 3 3 1 1 1 3 3 0 0
0 0 0 3 3 3 3 6 6 6 6 6 6 6 6 6 1 1 5 5 5 5 5 5 5 5 1 1 1 1 1 1 3 3 3 3 3 3 3 1 3 3 1 1 1 1 3 3 3 0
0 0 0 3 3 3 6 6 6 6 6 6 6 6 6 6 6 1 1 5 5 5 5 5 5 5 1 1 1 1 1 1 3 3 3 3 3 3 3 1 1 1 1 1 1 1 3 3 3 0
0 0 3 3 3 6 6 6 6 6 6 6 6 6 6 6 6 6 1 1 5 5 5 5 5 5 1 1 1 1 1 1 1 3 3 3 3 3 1 1 1 1 1 1 1 1 1 3 3 0
0 0 3 3 3 6 6 6 6 6 6 6 6 6 6 6 6 6 1 1 5 5 5 5 5 5 5 1 1 1 1 1 1 3 3 3 3 3 1 1 1 1 1 1 1 1 1 3 3 0
0 3 3 3 6 6 6 6 6 6 6 3 3 3 6 6 6 6 1 1 5 5 5 5 5 5 5 1 1 1 1 1 1 1 3 3 3 1 1 1 1 1 3 3 1 1 1 3 3 0
0 3 3 3 6 6 6 6 6 6 6 3 3 3 6 6 6 6 6 1 5 5 5 5 5 5 1 1 1 1 1 1 1 6 6 6 6 6 1 1 1 1 3 3 1 1 1 3 3 0
0 3 3 6 6 6 6 6 6 6 6 6 6 6 6 6 6 6 6 1 1 5 5 5 5 5 1 1 1 1 1 1 6 6 6 6 6 6 6 1 1 1 1 1 1 1 1 3 3 0
0 3 3 6 6 6 6 6 6 6 6 6 6 6 6 6 6 6 6 1 1 1 5 5 5 5 1 1 1 1 1 6 6 6 6 6 6 6 6 6 1 1 1 1 1 1 3 3 3 0
0 3 3 6 6 6 6 6 6 6 6 6 6 6 6 6 6 6 6 1 1 1 5 5 5 5 5 1 1 1 1 6 6 6 6 6 6 6 6 6 6 1 1 1 1 1 3 3 3 0
0 3 3 6 6 6 6 6 6 6 6 6 6 6 6 6 6 6 6 1 1 1 5 5 5 5 5 5 1 1 6 6 6 6 6 6 6 6 6 6 6 1 1 1 3 3 3 3 0 0
0 3 3 6 6 6 6 6 6 6 6 6 6 6 6 6 6 6 6 1 1 1 5 5 5 5 5 5 1 1 6 6 6 6 6 3 3 6 6 6 6 1 3 3 3 3 3 3 0 0
0 3 3 3 6 6 6 6 3 3 6 6 6 6 6 6 6 6 1 1 5 5 5 5 5 5 5 5 5 1 6 6 6 6 6 3 3 6 6 6 6 3 3 3 3 3 0 0 0 0
0 3 3 3 6 6 6 6 3 3 3 6 6 6 6 6 6 6 1 5 5 5 5 5 5 5 5 5 5 1 6 6 6 6 6 6 6 6 6 6 3 3 3 3 0 0 0 0 0 0
0 0 3 3 3 6 6 6 3 3 3 6 6 6 6 6 6 6 1 5 5 5 5 5 5 5 5 5 5 1 6 6 6 6 6 6 6 6 6 6 3 3 3 3 0 0 0 0 0 0
0 0 3 3 3 6 6 6 6 6 6 6 6 6 6 6 6 6 2 5 5 5 5 5 5 5 5 5 1 1 6 6 6 6 6 6 6 6 6 6 6 3 3 3 3 0 0 0 0 0
0 0 0 3 3 3 6 6 6 6 6 6 6 6 6 6 6 6 1 5 5 5 5 5 5 5 5 5 1 1 6 6 6 6 6 6 6 6 6 6 6 6 3 3 3 0 0 0 0 0
0 0 0 3 3 3 3 6 6 6 6 6 6 6 6 6 6 1 1 5 5 5 5 5 5 5 5 5 2 1 6 6 6 6 6 6 6 6 6 6 6 6 6 3 3 3 0 0 0 0
0 0 0 0 3 3 3 3 6 6 6 6 6 6 6 6 1 1 1 5 5 5 5 5 5 5 5 5 1 1 1 6 6 6 6 6 6 3 3 6 6 6 6 3 3 3 0 0 0 0
0 0 0 0 0 3 3 3 3 3 6 6 6 6 6 1 1 1 1 5 5 5 5 5 5 5 5 5 1 1 1 6 6 6 6 6 6 3 3 6 6 6 6 6 3 3 3 0 0 0
0 0 0 0 0 0 3 3 3 3 3 3 3 3 1 1 1 1 1 1 5 5 5 5 5 5 5 5 5 1 1 1 6 6 6 6 6 6 6 6 6 6 6 6 3 3 3 0 0 0
0 0 0 0 0 0 0 0 3 3 3 3 3 3 3 3 3 3 1 1 1 1 1 1 1 5 5 5 5 5 1 1 1 6 6 6 6 6 6 6 6 6 6 6 1 3 3 0 0 0
0 0 0 0 0 0 0 0 0 0 0 0 3 3 3 3 3 3 3 3 3 3 3 3 1 1 1 1 1 1 1 1 1 1 1 6 6 6 6 6 6 6 6 1 1 3 3 0 0 0
0 0 0 0 0 0 0 0 0 0 0 0 0 0 3 3 3 3 3 3 3 3 3 3 3 3 3 3 3 3 3 3 3 3 3 3 1 6 6 6 6 6 1 1 3 3 3 0 0 0
0 0 0 0 0 0 0 0 0 0 0 0 0 0 0 0 0 0 0 0 0 0 3 3 3 3 3 3 3 3 3 3 3 3 3 3 3 3 3 1 1 1 1 1 3 3 3 0 0 0
0 0 0 0 0 0 0 0 0 0 0 0 0 0 0 0 0 0 0 0 0 0 0 0 0 0 0 0 0 0 0 0 0 0 3 3 3 3 3 3 3 1 1 3 3 3 0 0 0 0
0 0 0 0 0 0 0 0 0 0 0 0 0 0 0 0 0 0 0 0 0 0 0 0 0 0 0 0 0 0 0 0 0 0 0 0 0 3 3 3 3 3 3 3 3 3 0 0 0 0
0 0 0 0 0 0 0 0 0 0 0 0 0 0 0 0 0 0 0 0 0 0 0 0 0 0 0 0 0 0 0 0 0 0 0 0 0 0 0 3 3 3 3 3 3 0 0 0 0 0
0 0 0 0 0 0 0 0 0 0 0 0 0 0 0 0 0 0 0 0 0 0 0 0 0 0 0 0 0 0 0 0 0 0 0 0 0 0 0 0 0 0 0 0 0 0 0 0 0 0
2
3
0 19 22
1 21 44
1 31 5
9
3 11 29
5 9 36
5 19 39
5 28 20
5 30 37
5 38 14
6 10 4
6 41 42
6 6 15
3
0 4 14
1 38 23
1 43 41
19
5 8 4
5 24 6
5 35 10
5 31 15
5 20 10
5 28 19
5 37 31
5 30 31
5 33 37
5 24 39
5 24 46
5 17 45
5 17 27
5 16 34
5 9 36
5 10 25
5 13 31
5 36 34
5 30 39