38 58
0 0 0 0 0 0 0 0 0 0 0 0 0 0 0 0 0 0 0 0 0 0 0 0 0 0 0 0 0 0 0 0 0 0 0 0 0 0 0 0 0 0 0 0 0 0 0 0 0 0 0 0 0 0 0 0 0 0
0 0 0 0 0 0 0 3 3 3 3 3 3 3 3 3 3 3 0 0 0 0 0 0 0 0 0 0 0 0 0 0 0 0 0 0 0 0 0 0 0 0 0 0 0 0 0 0 0 0 0 0 0 0 0 0 0 0
0 0 3 3 3 3 3 3 3 3 3 3 3 3 3 3 3 3 3 0 0 0 0 0 0 0 0 0 0 0 0 0 0 0 0 0 0 0 0 0 0 0 0 0 0 0 0 0 0 3 3 3 3 0 0 0 0 0
0 0 3 3 3 3 3 3 3 1 1 1 1 1 1 3 3 3 3 3 3 0 0 0 0 0 0 0 0 0 0 3 3 3 0 0 0 0 0 0 0 0 0 0 0 0 0 0 3 3 3 3 3 3 0 0 0 0
0 3 3 3 1 1 1 1 1 1 5 5 5 5 1 1 3 3 3 3 3 3 0 0 0 0 0 0 0 0 3 3 3 3 3 3 3 3 3 3 3 3 3 3 0 0 0 0 3 3 3 3 3 3 0 0 0 0
0 3 3 3 1 5 5 5 5 5 5 5 5 5 1 1 3 3 3 3 3 3 3 0 0 0 0 0 0 3 3 3 3 3 3 3 3 3 3 3 3 3 3 3 0 0 0 0 3 3 3 3 3 3 0 0 0 0
0 3 3 1 1 5 5 5 5 5 5 5 5 5 1 1 3 3 3 3 3 3 3 3 0 0 0 0 3 3 3 3 3 3 3 3 3 3 3 3 3 3 3 3 3 3 0 0 0 3 3 3 3 3 3 0 0 0
0 3 3 1 5 5 5 5 5 5 5 5 5 1 1 3 3 3 3 3 3 3 3 3 3 0 3 3 3 3 3 3 3 3 3 3 3 3 3 3 3 3 3 3 3 3 3 3 3 3 3 3 3 3 3 0 0 0
0 3 3 1 5 5 5 5 5 5 5 5 1 1 3 3 3 3 0 0 3 3 3 3 3 3 3 3 3 3 1 1 1 1 1 1 1 1 1 1 1 1 1 1 3 3 3 3 3 3 3 3 3 3 3 0 0 0
0 3 3 1 5 5 5 5 5 5 1 1 1 1 3 3 3 0 0 3 3 3 3 3 3 3 3 3 3 1 1 5 5 5 5 5 5 5 5 5 5 5 5 1 1 1 1 1 1 1 1 3 3 3 3 0 0 0
0 3 3 1 5 5 5 5 1 1 1 1 1 1 3 3 3 3 3 3 3 3 3 3 3 3 3 3 3 1 1 5 5 5 5 5 5 5 5 5 5 5 5 5 5 5 5 5 1 1 1 1 3 3 3 0 0 0
0 3 3 1 5 5 5 5 1 1 1 1 1 1 1 3 3 3 3 3 3 3 1 1 1 1 1 1 1 1 1 5 5 5 5 5 5 5 5 5 5 5 5 5 5 5 5 5 5 1 1 1 1 3 3 0 0 0
0 3 3 1 1 1 2 1 1 1 1 1 1 1 1 1 1 3 3 3 3 3 1 1 5 5 5 5 1 1 5 5 5 1 1 1 5 5 5 5 5 5 5 5 5 5 5 5 5 5 1 1 1 3 3 0 0 0
0 3 3 1 1 1 1 1 1 1 1 1 1 1 2 1 1 1 3 3 1 1 1 5 5 5 5 5 5 5 5 5 5 1 1 1 5 5 5 5 5 5 5 5 5 5 5 5 5 5 5 1 1 3 3 3 0 0
0 3 3 3 3 1 1 1 1 1 1 1 5 5 5 5 5 1 1 1 1 5 5 5 5 5 5 5 5 5 5 5 5 5 1 1 5 5 5 5 5 5 5 5 5 5 5 5 5 5 5 5 1 3 3 3 0 0
0 3 3 3 3 3 1 1 1 1 1 1 5 5 5 5 5 5 5 5 5 5 5 5 5 5 5 5 5 5 5 5 5 1 1 1 1 5 5 5 5 5 5 5 5 5 5 5 5 5 5 5 1 3 3 3 0 0
0 3 3 3 3 3 3 1 1 1 1 5 5 5 5 5 5 5 5 5 5 5 5 5 5 5 5 5 5 5 5 5 1 1 1 1 1 1 1 5 5 5 5 5 1 1 1 5 5 5 5 5 1 1 3 3 0 0
0 3 3 3 3 3 3 1 1 1 1 5 5 5 5 5 5 5 5 5 5 5 5 5 5 5 5 5 5 5 5 5 1 1 3 3 3 1 1 1 1 1 1 1 1 1 1 1 5 5 5 5 5 1 3 3 3 0
0 0 3 3 3 3 3 1 1 1 5 5 5 5 5 5 5 5 5 5 5 5 5 5 5 5 5 5 5 5 5 1 1 3 3 3 3 3 3 3 3 3 3 3 3 3 3 1 1 1 5 5 5 1 3 3 3 0
0 0 0 3 3 3 3 1 1 1 5 5 5 5 5 5 5 5 5 5 5 5 5 5 5 5 5 5 5 5 1 1 3 3 3 3 3 3 3 3 3 3 3 3 3 3 3 3 3 1 5 5 5 1 3 3 3 0
0 0 0 3 3 3 1 1 1 5 5 5 5 5 5 5 5 5 5 5 5 5 5 5 5 5 5 5 5 5 1 3 3 3 3 3 3 0 0 0 0 3 3 3 3 3 3 3 3 1 5 5 5 1 3 3 3 0
0 0 0 3 3 3 1 1 1 5 5 5 5 5 5 5 5 5 5 5 5 5 5 5 5 5 5 5 5 5 1 3 3 3 3 3 0 0 0 0 0 0 0 0 0 3 3 3 3 1 5 5 5 1 3 3 3 0
0 0 0 3 3 3 1 1 5 5 5 5 5 5 5 5 5 5 5 5 5 5 5 5 5 5 5 5 5 5 1 1 3 3 3 3 3 3 0 0 0 0 0 0 3 3 3 3 3 1 5 5 5 1 3 3 3 0
0 0 0 3 3 1 1 1 5 5 5 5 5 5 5 5 5 5 5 5 5 5 5 5 5 5 5 5 5 5 5 1 3 3 3 3 3 3 3 3 3 3 3 3 3 3 3 3 3 1 5 5 5 1 1 3 3 0
0 0 0 3 3 1 1 1 5 5 5 5 5 5 5 5 5 5 5 5 5 5 5 5 5 5 5 5 5 5 5 5 1 1 1 1 1 3 3 3 3 3 3 3 3 3 3 1 1 1 5 5 5 5 1 3 3 0
0 0 0 3 3 1 1 1 5 5 5 5 5 5 5 5 5 5 5 5 5 5 5 5 5 5 5 5 5 5 5 5 5 5 5 5 1 1 1 1 1 1 3 3 1 1 1 1 5 5 5 5 5 5 1 3 3 0
0 0 3 3 3 1 1 1 5 5 5 5 5 5 5 5 5 5 5 5 5 5 5 5 5 5 5 5 5 5 5 5 5 5 5 5 5 5 5 5 1 1 1 1 1 1 5 5 5 5 5 5 5 1 1 3 3 0
0 0 3 3 3 6 6 1 1 1 2 1 1 1 5 5 5 5 5 5 5 5 5 5 5 5 5 5 5 5 5 5 5 5 5 5 5 5 5 5 5 5 5 5 5 5 5 5 5 5 5 5 5 1 3 3 3 0
0 3 3 3 6 6 6 6 6 6 6 6 1 1 5 5 5 5 5 5 5 5 5 1 1 1 5 5 5 5 5 5 5 5 5 5 5 5 5 5 5 5 5 5 5 5 5 5 5 5 5 5 5 1 3 3 3 0
0 3 3 3 6 6 6 6 6 6 6 6 6 1 1 5 5 5 5 5 5 5 1 1 1 1 1 1 5 5 5 5 5 5 5 5 5 5 5 5 5 5 5 5 5 5 5 5 5 5 5 5 5 1 3 3 3 0
0 3 3 3 6 6 6 6 6 6 6 3 3 3 1 1 1 5 5 5 1 1 1 3 3 3 3 1 1 5 5 5 5 5 1 1 1 5 5 5 5 5 5 5 5 5 5 5 5 5 5 5 1 1 3 3 3 0
0 3 3 3 6 6 6 6 6 3 3 3 3 3 3 3 1 1 1 1 1 3 3 3 3 3 3 3 1 1 5 5 5 1 1 1 1 5 5 5 5 5 5 5 5 5 5 5 5 5 5 5 1 1 1 3 3 0
0 3 3 3 6 6 6 6 6 3 3 3 3 3 3 3 3 3 3 3 3 3 3 3 3 3 3 3 3 1 1 1 1 1 1 1 1 1 5 5 5 5 5 5 5 5 5 1 1 1 1 5 1 1 3 3 3 0
0 3 3 3 6 6 6 6 6 3 3 3 0 0 3 3 3 3 3 3 3 3 0 0 0 0 3 3 3 3 3 1 1 1 1 1 1 1 1 1 1 1 1 5 5 1 1 1 3 3 1 1 1 3 3 3 3 0
0 3 3 3 3 6 6 6 3 3 3 0 0 0 0 0 0 0 0 0 0 0 0 0 0 0 0 3 3 3 3 3 3 3 3 3 3 1 1 3 3 3 1 1 1 1 3 3 3 3 3 3 3 3 3 3 0 0
0 3 3 3 3 3 3 3 3 3 3 0 0 0 0 0 0 0 0 0 0 0 0 0 0 0 0 0 0 3 3 3 3 3 3 3 3 3 3 3 3 3 3 3 3 3 3 3 3 3 3 3 3 3 3 0 0 0
0 0 3 3 3 3 3 3 3 3 0 0 0 0 0 0 0 0 0 0 0 0 0 0 0 0 0 0 0 0 0 0 0 0 0 3 3 3 3 3 3 3 3 3 3 3 3 3 3 0 0 0 0 0 0 0 0 0
0 0 0 0 0 0 0 0 0 0 0 0 0 0 0 0 0 0 0 0 0 0 0 0 0 0 0 0 0 0 0 0 0 0 0 0 0 0 0 0 0 0 0 0 0 0 0 0 0 0 0 0 0 0 0 0 0 0
2
1
0 13 42
6
5 12 27
5 25 48
5 27 22
5 10 22
6 5 10
6 23 5
0
1
0 22 5
12
5 32 4
5 29 10
5 10 14
5 4 13
5 10 4
5 12 49
5 21 52
5 31 38
5 14 37
5 28 28
5 12 24
6 20 19
0
