54 47
0 0 0 0 0 0 0 0 0 0 0 0 0 0 0 0 0 0 0 0 0 0 0 0 0 0 0 0 0 0 0 0 0 0 0 0 0 0 0 0 0 0 0 0 0 0 0
0 0 0 0 0 0 0 0 0 0 0 0 0 0 0 0 0 0 0 0 0 0 0 0 0 3 3 3 3 3 3 3 3 3 3 3 3 3 0 0 0 0 0 0 0 0 0
0 0 0 0 0 0 0 0 0 0 0 0 0 0 0 0 0 0 0 0 0 0 0 3 3 3 3 3 3 3 3 3 3 3 3 3 3 3 3 3 0 0 0 0 0 0 0
0 0 0 0 0 0 0 0 0 0 0 0 0 0 0 0 0 0 0 0 0 3 3 3 3 3 3 1 1 1 1 1 1 1 1 1 3 3 3 3 3 0 0 0 0 0 0
0 0 0 0 0 0 0 0 0 0 0 0 0 0 0 0 0 0 0 0 3 3 3 3 3 1 1 1 5 5 5 5 5 5 5 1 1 1 3 3 3 3 3 0 0 0 0
0 0 0 0 0 0 0 0 0 0 0 0 0 0 0 0 0 0 0 3 3 3 3 1 1 1 5 5 5 5 5 5 5 5 5 5 5 1 1 3 3 3 3 3 3 0 0
0 0 0 0 0 0 0 0 0 0 0 0 0 0 0 0 0 3 3 3 3 3 1 1 5 5 5 5 5 5 5 5 5 5 5 5 5 5 1 1 1 3 3 3 3 3 0
0 0 0 0 0 0 0 0 0 0 0 0 0 0 0 3 3 3 3 3 3 1 1 5 5 5 5 5 5 5 5 5 5 5 5 5 5 5 5 1 1 1 1 3 3 3 0
0 0 0 0 0 0 0 0 0 0 0 0 0 3 3 3 3 3 3 1 1 1 5 5 5 5 5 5 5 5 5 5 5 5 5 5 5 5 5 1 1 1 1 1 3 3 0
0 0 0 0 0 0 0 0 0 0 0 3 3 3 3 3 3 1 1 1 1 5 5 5 5 5 5 5 5 5 5 1 1 1 5 5 5 5 5 1 1 1 1 1 3 3 0
0 0 0 0 0 0 0 0 0 3 3 3 3 3 3 1 1 1 1 1 1 5 5 5 5 5 5 5 5 5 1 1 1 1 1 1 2 1 1 1 1 1 1 1 3 3 0
0 0 0 0 0 0 0 0 3 3 3 3 3 1 1 1 1 1 1 1 1 5 5 5 5 5 5 5 5 1 1 1 1 1 6 6 6 6 6 1 1 1 1 1 3 3 0
0 0 0 0 0 0 0 3 3 3 3 1 1 1 1 1 1 1 1 1 1 1 5 5 5 5 5 5 5 1 1 1 1 6 6 6 6 6 6 6 1 1 1 1 3 3 0
0 0 0 0 0 0 3 3 3 3 1 1 5 5 5 5 5 1 1 1 1 1 5 5 5 5 5 5 5 1 1 1 6 6 6 6 6 6 6 6 6 1 1 3 3 3 0
0 0 0 0 0 3 3 3 3 1 1 5 5 5 5 5 5 5 1 1 1 1 1 5 5 5 5 5 5 1 1 6 6 6 6 6 6 6 6 6 6 1 3 3 3 3 0
0 0 0 0 0 3 3 3 1 1 5 5 5 5 5 5 5 5 5 1 1 1 1 1 5 5 5 5 1 1 6 6 6 6 6 6 6 6 6 6 6 1 3 3 3 3 0
0 0 0 0 3 3 3 1 1 5 5 5 5 5 5 5 5 5 5 1 1 1 1 1 5 5 5 5 1 1 6 6 6 6 6 6 6 6 6 6 6 3 3 3 3 3 0
0 0 0 0 3 3 3 1 5 5 5 5 5 5 5 5 5 5 5 1 1 1 1 1 5 5 5 5 2 1 6 6 6 6 6 6 6 6 6 6 6 3 3 3 3 3 0
0 0 0 0 3 3 1 1 5 5 5 5 5 5 5 5 5 5 5 1 1 1 1 1 5 5 5 5 1 1 6 6 6 6 6 6 6 6 6 6 3 3 3 3 3 3 0
0 0 0 3 3 3 1 5 5 5 5 5 5 5 5 5 5 5 1 1 1 1 1 1 5 5 5 5 1 1 6 6 6 6 6 6 6 6 6 3 3 3 3 3 3 0 0
0 0 0 3 3 3 1 5 5 5 5 5 5 5 5 5 5 5 1 1 1 1 1 1 5 5 5 5 1 1 1 6 6 6 6 6 6 6 6 3 3 3 3 3 3 0 0
0 0 0 3 3 1 1 5 5 5 5 5 5 5 5 5 5 5 5 1 1 1 1 1 5 5 5 5 5 1 1 1 6 6 6 6 6 6 3 3 3 3 3 3 3 0 0
0 0 0 3 3 1 1 5 5 5 5 5 5 5 5 5 5 5 5 5 1 1 5 5 5 5 5 5 5 1 1 1 1 6 6 6 6 1 3 3 3 3 3 3 3 0 0
0 0 3 3 3 1 5 5 5 5 5 5 5 5 1 1 5 5 5 5 5 5 5 5 5 5 5 5 5 1 1 1 1 1 1 1 1 1 3 3 3 3 3 3 3 0 0
0 0 3 3 3 1 5 5 5 5 5 5 5 1 1 1 1 5 5 5 5 5 5 5 5 5 5 5 5 1 1 1 1 1 1 1 1 1 3 3 3 3 3 3 0 0 0
0 0 3 3 1 1 5 5 5 5 5 5 1 1 1 1 1 1 5 5 5 5 5 5 5 5 5 5 5 1 1 1 1 1 1 1 1 1 3 3 3 3 3 3 0 0 0
0 3 3 3 1 5 5 5 5 5 5 1 1 1 1 1 1 1 1 5 5 5 5 5 5 5 5 5 5 5 1 1 1 1 1 1 1 1 1 3 3 3 3 3 0 0 0
0 3 3 3 1 5 5 5 5 5 1 1 1 1 1 1 1 1 1 1 1 5 5 5 5 5 5 5 5 5 5 5 1 1 1 1 1 1 1 3 3 3 3 3 0 0 0
0 3 3 1 1 5 5 5 5 5 1 1 1 1 1 1 1 1 1 1 1 1 5 5 5 5 5 5 5 5 5 5 5 5 1 1 4 1 1 1 3 3 3 3 0 0 0
0 3 3 1 5 5 5 5 5 1 1 1 1 1 1 1 1 1 1 1 1 1 5 5 5 5 5 5 5 5 5 5 5 5 5 5 5 5 1 1 3 3 3 3 0 0 0
0 3 3 1 5 5 5 5 5 1 1 1 1 1 1 1 1 1 1 1 1 1 5 5 5 5 5 1 1 1 5 5 5 5 5 5 5 5 5 1 1 3 3 0 0 0 0
0 3 3 1 5 5 5 5 5 5 1 1 1 1 1 1 1 1 1 1 1 1 1 5 5 5 1 1 1 1 1 5 5 5 5 5 5 5 5 1 1 3 3 0 0 0 0
0 3 3 1 5 5 5 5 5 5 5 1 1 1 1 1 1 1 1 1 1 1 1 1 2 1 1 1 1 1 1 1 5 5 5 5 5 5 5 5 1 3 3 0 0 0 0
0 3 3 1 5 5 5 5 5 5 5 5 1 1 1 1 1 1 1 1 1 1 1 1 1 1 1 1 1 1 1 1 5 5 5 5 5 5 5 5 1 3 3 0 0 0 0
0 3 3 1 1 5 5 5 5 5 5 5 5 1 1 1 1 1 1 1 1 1 1 1 1 1 1 1 1 1 1 5 5 5 5 5 5 5 5 5 1 3 3 0 0 0 0
0 3 3 3 1 1 5 5 5 5 5 5 5 5 1 1 1 1 1 1 1 4 1 1 1 1 1 1 1 1 1 5 5 5 5 5 5 5 5 5 1 3 3 0 0 0 0
0 3 3 3 3 1 1 5 5 5 5 5 5 5 1 1 1 1 1 1 5 5 5 1 1 1 1 1 1 1 1 5 5 5 5 5 5 5 5 1 1 3 3 0 0 0 0
0 0 3 3 3 1 1 5 5 5 5 5 5 5 5 1 1 1 1 5 5 5 5 5 1 1 1 1 1 1 5 5 5 5 5 5 5 5 5 1 3 3 3 0 0 0 0
0 3 3 3 3 1 1 5 5 5 5 5 5 5 5 5 5 5 5 5 5 5 5 5 1 1 1 1 1 1 5 5 5 5 5 5 1 1 1 1 3 3 3 0 0 0 0
0 3 3 3 1 1 5 5 5 5 5 5 5 5 5 5 5 5 5 5 5 5 5 5 5 1 1 1 1 1 5 5 5 5 5 1 1 3 3 3 3 3 0 0 0 0 0
0 3 3 1 1 5 5 5 5 5 5 5 5 5 5 5 5 5 5 5 5 5 5 5 5 1 1 1 1 1 5 5 5 5 1 1 3 3 3 3 3 3 0 0 0 0 0
0 3 3 1 5 5 5 5 5 5 5 5 1 1 1 1 5 5 5 5 5 5 5 5 5 1 1 1 1 1 5 5 5 5 1 1 3 3 3 0 0 0 0 0 0 0 0
0 3 3 1 5 5 5 5 5 5 1 1 1 3 3 1 1 5 5 5 5 5 5 5 5 5 1 1 1 1 5 5 5 5 5 1 3 3 0 0 0 0 0 0 0 0 0
0 3 3 1 1 5 5 5 5 1 1 3 3 3 3 3 1 1 5 5 5 5 5 5 5 5 5 1 1 5 5 5 5 5 5 1 3 3 0 0 0 0 0 0 0 0 0
0 3 3 3 1 1 5 5 1 1 3 3 3 3 3 3 3 1 5 5 5 5 5 5 5 5 5 5 5 5 5 5 5 5 5 1 3 3 0 0 0 0 0 0 0 0 0
0 3 3 3 3 1 1 1 1 3 3 3 3 0 3 3 3 1 5 5 5 5 5 5 5 5 5 5 5 5 5 5 5 5 5 1 3 3 0 0 0 0 0 0 0 0 0
0 0 3 3 3 3 3 3 3 3 3 3 0 0 0 3 3 1 5 5 5 5 5 5 5 5 5 5 5 5 5 5 5 1 1 1 3 3 0 0 0 0 0 0 0 0 0
0 0 0 3 3 3 3 3 3 3 3 0 0 0 0 3 3 1 1 5 5 5 5 5 5 5 5 5 5 1 1 1 1 1 3 3 3 3 0 0 0 0 0 0 0 0 0
0 0 0 0 0 0 0 0 0 0 0 0 0 0 0 3 3 3 1 1 5 5 5 5 5 5 5 1 1 1 3 3 3 3 3 3 3 3 0 0 0 0 0 0 0 0 0
0 0 0 0 0 0 0 0 0 0 0 0 0 0 0 3 3 3 3 1 1 5 5 5 1 1 1 1 3 3 3 3 3 3 3 3 0 0 0 0 0 0 0 0 0 0 0
0 0 0 0 0 0 0 0 0 0 0 0 0 0 0 0 3 3 3 3 1 1 1 1 1 3 3 3 3 3 3 3 0 0 0 0 0 0 0 0 0 0 0 0 0 0 0
0 0 0 0 0 0 0 0 0 0 0 0 0 0 0 0 0 3 3 3 3 3 3 3 3 3 3 3 3 3 0 0 0 0 0 0 0 0 0 0 0 0 0 0 0 0 0
0 0 0 0 0 0 0 0 0 0 0 0 0 0 0 0 0 0 3 3 3 3 3 3 3 3 3 0 0 0 0 0 0 0 0 0 0 0 0 0 0 0 0 0 0 0 0
0 0 0 0 0 0 0 0 0 0 0 0 0 0 0 0 0 0 0 0 0 0 0 0 0 0 0 0 0 0 0 0 0 0 0 0 0 0 0 0 0 0 0 0 0 0 0
3
3
0 7 41
1 27 14
1 43 6
10
5 9 21
5 25 38
5 26 29
5 29 4
5 31 13
5 37 19
5 42 34
5 48 21
6 15 13
6 39 27
8
2 20 7 18 1
2 29 32 16 1
2 7 24 21 2
2 6 26 22 2
3 39 7 16 2
3 28 22 9 1
3 45 18 14 1
7 17 34
3
0 24 35
1 31 6
1 44 33
15
5 43 6
5 13 12
5 8 40
5 10 41
5 8 43
5 32 39
5 22 23
5 7 23
5 37 23
5 45 18
5 43 29
5 36 5
5 20 5
5 8 17
7 28 14
11
3 23 30 7 1
3 21 30 7 1
3 19 30 7 1
4 10 25
4 21 10
4 17 13
4 37 9
4 43 21
4 35 26
4 35 34
4 14 34
3
0 37 19
1 17 13
1 12 22
10
3 6 41
5 17 31
5 21 33
5 16 36
5 24 36
5 13 33
5 15 37
5 29 40
6 18 21
7 27 14
20
5 37 9
5 9 24
5 35 27
5 14 38
5 15 33
5 14 30
5 21 30
5 23 32
5 23 36
5 17 33
5 13 38
5 10 31
5 21 35
5 19 37
5 12 40
6 26 35
6 28 29
6 21 9
6 45 28
7 37 21