41 60
0 0 0 0 0 0 0 0 0 0 0 0 0 0 0 0 0 0 0 0 0 0 0 0 0 0 0 0 0 0 0 0 0 0 0 0 0 0 0 0 0 0 0 0 0 0 0 0 0 0 0 0 0 0 0 0 0 0 0 0
0 0 0 0 0 3 3 3 3 3 3 3 3 3 3 3 0 0 0 0 0 0 0 0 0 0 0 0 0 0 0 0 0 0 0 0 0 0 0 0 0 0 0 0 0 0 0 0 0 0 0 0 0 0 0 0 0 0 0 0
0 0 0 0 3 3 3 3 3 3 3 3 3 3 3 3 3 3 3 3 3 3 3 3 0 0 0 0 0 0 0 0 0 0 0 0 0 0 0 0 0 0 0 0 0 0 0 0 0 0 0 0 0 0 0 0 0 0 0 0
0 0 3 3 3 3 3 6 6 6 6 6 6 6 3 3 3 3 3 3 3 3 3 3 3 3 3 0 0 0 0 0 0 0 0 0 0 0 0 0 0 0 0 0 0 0 0 0 0 0 0 0 0 0 0 0 0 0 0 0
0 3 3 3 3 3 6 6 6 6 6 6 6 6 6 3 3 3 3 3 1 1 3 3 3 3 3 3 3 0 0 0 0 0 0 0 0 0 0 0 0 0 3 3 3 3 3 3 3 3 3 3 3 3 0 0 0 0 0 0
0 3 3 3 6 6 6 6 6 6 6 6 6 6 6 3 3 3 1 1 1 1 1 1 1 3 3 3 3 3 3 0 0 0 0 0 0 0 0 0 0 3 3 3 3 3 3 3 3 3 3 3 3 3 3 0 0 0 0 0
0 3 3 6 6 6 6 6 6 6 6 6 6 6 6 6 3 3 1 1 6 1 1 1 1 1 1 3 3 3 3 3 0 0 0 0 0 0 0 0 3 3 3 3 3 3 3 3 3 3 3 3 3 3 3 3 0 0 0 0
0 3 3 6 6 6 6 6 6 6 6 6 6 6 6 6 6 6 6 6 6 6 6 6 1 1 1 1 1 3 3 3 3 0 0 0 0 0 0 3 3 3 3 3 3 1 1 1 1 1 1 1 3 3 3 3 3 0 0 0
0 3 3 6 6 6 6 6 6 6 6 6 6 6 6 6 6 6 6 6 6 6 6 6 6 1 1 1 1 1 3 3 3 3 0 0 0 0 0 3 3 3 3 1 1 6 6 6 6 6 6 1 1 1 3 3 3 3 0 0
0 3 3 6 6 6 6 6 6 6 6 6 6 6 6 6 6 6 6 6 6 6 6 6 6 6 6 1 1 1 3 3 3 3 3 0 0 0 3 3 3 3 1 1 1 6 6 6 6 6 6 6 6 1 3 3 3 3 0 0
0 3 3 3 6 6 6 6 6 6 6 6 6 6 6 6 6 6 6 6 6 6 6 6 6 6 6 1 1 1 1 3 3 3 3 3 3 3 3 3 3 1 1 1 6 6 6 6 6 6 6 6 6 6 1 3 3 3 0 0
0 3 3 3 3 6 6 6 6 6 6 6 6 6 6 6 3 3 1 1 1 6 6 6 6 6 6 6 6 1 1 1 1 3 3 3 3 3 3 3 3 1 1 1 6 6 6 6 6 6 6 6 6 6 1 3 3 3 0 0
0 0 3 3 3 3 3 3 6 6 6 6 6 6 6 6 3 3 3 1 1 1 6 6 6 6 6 6 6 6 1 1 1 1 3 3 3 3 3 3 1 1 1 1 1 6 6 6 6 6 6 6 6 6 1 3 3 3 0 0
0 0 3 3 3 3 3 3 3 3 3 6 6 6 3 3 3 3 3 3 1 1 1 6 6 6 6 6 6 6 1 1 1 1 3 3 3 3 1 1 1 1 6 6 6 6 6 6 6 6 6 6 6 6 1 3 3 3 0 0
0 0 0 3 3 3 3 3 3 3 3 3 3 3 3 3 3 3 3 3 1 1 1 6 6 6 6 6 6 6 6 6 1 1 1 1 1 1 1 1 6 6 6 6 6 6 6 6 6 6 6 6 6 1 1 3 3 3 0 0
0 0 0 3 3 3 3 3 3 3 3 3 3 3 3 3 3 3 3 1 1 1 1 1 1 6 6 6 6 6 6 6 6 1 1 1 1 1 1 6 6 6 6 6 6 6 6 6 6 6 6 6 1 1 3 3 3 3 0 0
0 0 0 0 3 3 3 3 3 3 3 3 3 3 3 3 1 1 1 1 1 1 1 1 1 1 1 6 6 6 6 6 6 6 6 1 1 6 6 6 6 6 6 6 6 6 6 6 6 6 1 1 1 3 3 3 3 0 0 0
0 0 0 0 3 3 3 3 3 3 3 3 3 1 1 1 1 1 1 1 1 1 1 1 1 1 1 1 1 6 6 6 6 6 6 6 6 6 6 6 6 6 6 6 6 6 6 6 6 1 1 1 3 3 3 3 0 0 0 0
0 0 0 3 3 3 3 3 3 3 3 1 1 1 1 1 1 2 1 1 1 1 1 3 3 1 1 1 1 1 6 6 6 6 6 6 6 6 6 6 6 6 6 6 6 6 6 6 6 1 1 3 3 3 3 0 0 0 0 0
0 0 0 3 3 3 3 3 3 3 1 1 1 1 1 1 5 5 5 1 1 1 1 3 3 3 3 3 1 1 1 1 6 6 6 6 6 6 6 6 6 6 6 6 6 6 6 6 6 1 3 3 3 3 0 0 0 0 0 0
0 0 0 3 3 3 3 3 3 1 1 1 1 5 5 5 5 5 5 1 1 1 1 3 3 3 3 3 3 3 1 1 1 6 6 6 6 6 6 6 6 6 6 6 6 6 6 6 6 1 3 3 3 0 0 0 0 0 0 0
0 0 0 3 3 3 3 3 1 1 1 5 5 5 5 5 5 5 5 5 1 1 3 3 3 3 3 3 3 3 3 1 1 1 6 6 6 6 6 6 6 6 6 6 6 6 6 6 1 1 3 3 3 0 0 0 0 0 0 0
0 0 0 3 3 3 3 3 1 1 5 5 5 5 5 5 5 5 5 5 1 1 3 3 3 3 0 0 0 3 3 3 3 1 1 1 1 1 1 6 6 6 6 6 6 6 6 6 1 1 3 3 3 3 3 3 0 0 0 0
0 0 0 0 3 3 3 3 1 1 5 5 5 5 5 5 5 5 5 5 5 1 1 3 3 3 0 0 0 0 3 3 3 3 3 3 3 3 1 1 1 6 6 6 6 6 6 6 1 1 3 3 3 3 3 3 3 0 0 0
0 0 0 0 3 3 3 3 1 1 5 5 5 5 5 5 5 5 5 5 5 1 1 3 3 3 3 0 0 0 0 3 3 3 3 3 3 3 3 3 3 1 1 6 6 6 6 1 1 1 1 3 3 1 3 3 3 3 3 0
0 0 0 0 0 3 3 3 3 1 1 5 5 5 5 5 5 5 5 5 5 5 1 1 3 3 3 3 0 0 0 0 0 0 0 0 3 3 3 3 3 3 1 1 1 1 1 1 1 1 1 1 1 1 1 3 3 3 3 0
0 0 0 0 0 0 3 3 3 3 1 1 5 5 5 5 5 5 5 5 5 5 1 1 1 3 3 3 3 0 0 0 0 0 0 0 0 0 3 3 3 3 3 1 1 1 1 1 1 5 5 5 5 1 1 1 3 3 3 0
0 0 0 0 0 0 0 3 3 3 3 1 1 5 5 5 5 5 5 5 5 5 5 1 1 1 3 3 3 3 0 0 0 0 0 0 0 0 0 0 3 3 3 3 1 1 1 5 5 5 5 5 5 5 5 1 1 3 3 0
0 0 0 0 0 0 0 0 3 3 3 3 1 1 1 5 5 5 5 5 5 5 5 5 1 1 3 3 3 3 3 3 3 0 0 0 0 0 0 0 3 3 3 3 1 1 5 5 5 5 5 5 5 5 5 5 1 3 3 0
0 0 0 0 0 0 0 0 0 3 3 3 3 3 1 1 1 5 5 5 5 5 5 5 5 1 1 3 3 3 3 3 3 3 3 0 0 0 0 3 3 3 3 1 1 5 5 5 5 5 5 5 5 5 5 5 1 3 3 0
0 0 0 0 0 0 0 0 0 0 3 3 3 3 3 3 1 1 5 5 5 5 5 5 5 5 1 1 1 1 1 3 3 3 3 3 0 0 0 3 3 3 1 1 1 5 5 5 5 5 5 5 5 5 5 5 1 3 3 0
0 0 0 0 0 0 0 0 0 0 0 0 3 3 3 3 1 1 5 5 5 5 5 5 5 5 5 5 1 1 1 1 3 3 3 3 0 0 0 3 3 3 1 1 5 5 5 5 5 5 5 5 5 5 5 5 1 3 3 0
0 0 0 0 0 0 0 0 0 0 0 0 0 0 3 3 3 1 1 5 5 5 5 5 5 5 5 5 5 5 5 1 1 1 3 3 0 0 0 3 3 3 1 1 1 5 5 5 5 5 5 5 5 5 5 5 1 3 3 0
0 0 0 0 0 0 0 0 0 0 0 0 0 0 3 3 3 3 1 1 1 1 5 5 5 5 5 5 5 5 5 1 1 1 3 3 0 0 0 3 3 3 3 1 1 5 5 5 5 5 5 5 5 5 5 5 1 3 3 0
0 0 0 0 0 0 0 0 0 0 0 0 0 0 0 3 3 3 3 1 1 1 1 1 5 5 5 5 5 5 5 1 1 3 3 3 0 0 0 3 3 3 3 1 1 5 5 5 5 5 5 5 5 5 5 1 1 3 3 0
0 0 0 0 0 0 0 0 0 0 0 0 0 0 0 0 0 3 3 3 1 1 1 1 1 5 5 5 5 5 1 1 3 3 3 3 0 0 0 0 3 3 3 3 1 1 1 1 1 1 1 5 5 5 5 1 1 3 3 0
0 0 0 0 0 0 0 0 0 0 0 0 0 0 0 0 0 0 3 3 3 3 1 1 1 1 1 1 1 1 1 3 3 3 3 0 0 0 0 0 0 3 3 3 3 3 3 3 3 1 1 1 1 1 1 1 1 3 3 0
0 0 0 0 0 0 0 0 0 0 0 0 0 0 0 0 0 0 3 3 3 3 3 3 3 3 3 3 3 3 3 3 3 3 0 0 0 0 0 0 0 0 3 3 3 3 3 3 3 3 3 3 1 1 1 1 3 3 3 0
0 0 0 0 0 0 0 0 0 0 0 0 0 0 0 0 0 0 0 0 3 3 3 3 3 3 3 3 3 3 3 3 3 0 0 0 0 0 0 0 0 0 0 0 0 0 0 0 3 3 3 3 3 3 3 3 3 3 0 0
0 0 0 0 0 0 0 0 0 0 0 0 0 0 0 0 0 0 0 0 0 0 0 0 0 0 0 0 0 0 0 0 0 0 0 0 0 0 0 0 0 0 0 0 0 0 0 0 0 3 3 3 3 3 3 3 3 3 0 0
0 0 0 0 0 0 0 0 0 0 0 0 0 0 0 0 0 0 0 0 0 0 0 0 0 0 0 0 0 0 0 0 0 0 0 0 0 0 0 0 0 0 0 0 0 0 0 0 0 0 0 0 0 0 0 0 0 0 0 0
2
2
0 7 9
1 30 20
10
5 17 11
5 19 22
5 32 30
5 21 11
5 23 20
5 26 49
5 23 8
5 34 54
6 10 48
7 17 41
6
0 14 33
0 16 33
0 18 33
0 20 33
6 10 24
6 12 26
2
0 20 13
1 10 42
10
3 3 20
5 2 7
5 12 11
5 25 43
5 11 26
5 19 36
5 11 49
5 36 55
6 31 52
6 33 29
5
1 7 15
3 14 20 33 1
3 16 20 31 1
3 18 28 21 1
7 33 27