66 47
0 0 0 0 0 0 0 0 0 0 0 0 0 0 0 0 0 0 0 0 0 0 0 0 0 0 0 0 0 0 0 0 0 0 0 0 0 0 0 0 0 0 0 0 0 0 0
0 0 0 0 0 0 0 0 0 0 0 0 0 0 0 0 0 0 0 0 0 0 0 0 0 3 3 3 3 3 3 3 3 3 0 0 0 0 0 0 0 0 0 0 0 0 0
0 0 0 0 0 0 0 0 0 0 0 0 0 0 0 0 0 0 0 0 0 0 0 0 3 3 3 3 3 3 3 3 3 3 0 0 0 0 0 0 0 0 0 0 0 0 0
0 0 0 0 0 0 0 0 0 0 0 0 0 0 0 0 0 0 0 0 0 0 0 0 3 3 3 1 1 1 1 1 3 3 0 0 0 0 0 0 0 0 0 0 0 0 0
0 0 0 0 0 0 0 0 0 0 0 0 0 0 0 0 0 0 0 0 0 0 0 0 3 3 1 1 5 5 5 1 3 3 3 3 3 3 3 3 3 0 0 0 0 0 0
0 0 0 0 0 0 0 0 0 0 0 0 0 0 0 0 0 0 0 0 0 0 0 0 3 3 1 5 5 5 5 1 1 3 3 3 3 3 3 3 3 3 3 0 0 0 0
0 0 0 0 0 0 0 0 0 0 0 0 0 0 0 0 0 0 0 0 0 0 0 0 3 3 1 5 5 5 5 5 1 1 1 1 1 1 1 3 3 3 3 3 0 0 0
0 0 0 0 0 0 0 0 0 0 0 0 0 0 0 0 0 0 0 0 0 0 0 0 3 3 1 5 5 5 5 5 5 1 1 1 2 1 1 1 1 3 3 3 0 0 0
0 0 0 0 0 0 0 0 0 0 0 0 0 0 0 0 0 0 0 0 0 0 0 0 3 3 1 1 5 5 5 5 5 5 5 5 5 5 5 5 1 1 3 3 0 0 0
0 0 0 0 0 0 0 0 0 0 0 0 0 0 0 0 0 0 0 0 0 0 0 0 3 3 3 1 5 5 5 5 5 5 5 5 5 5 5 5 5 1 3 3 0 0 0
0 0 0 0 0 3 3 3 3 3 3 3 3 3 3 3 3 3 3 0 0 0 0 0 3 3 3 1 1 1 1 5 5 5 5 5 5 5 5 5 5 1 3 3 0 0 0
0 0 0 3 3 3 3 3 3 3 3 3 3 3 3 3 3 3 3 3 3 3 0 0 0 3 3 3 3 3 1 5 5 5 5 5 5 5 5 5 5 1 3 3 0 0 0
0 0 3 3 3 3 3 1 1 1 1 1 1 1 1 1 1 3 3 3 3 3 3 3 0 3 3 3 3 3 1 1 1 5 5 5 5 5 5 5 5 1 3 3 0 0 0
0 3 3 3 3 1 1 1 5 5 5 5 5 5 5 5 1 1 1 1 3 3 3 3 3 3 3 3 3 3 3 3 1 5 5 5 5 5 5 5 1 1 3 3 0 0 0
0 3 3 3 1 1 5 5 5 5 5 5 5 5 5 5 5 5 5 1 1 1 3 3 3 3 3 3 3 3 3 3 1 1 5 5 5 5 5 1 1 3 3 3 0 0 0
0 3 3 1 1 5 5 5 5 5 5 5 5 5 5 5 5 5 5 5 5 1 1 1 3 3 3 3 3 3 3 3 1 1 5 5 5 5 5 1 3 3 3 3 0 0 0
0 3 3 1 5 5 5 5 5 5 5 5 5 5 5 5 5 5 5 5 5 5 5 1 1 1 3 3 3 3 3 3 1 5 5 5 5 5 5 1 3 3 3 3 0 0 0
0 3 3 1 5 5 5 5 5 5 5 5 5 5 5 5 5 5 5 5 5 5 5 5 5 1 1 3 3 3 3 3 1 5 5 5 5 5 5 1 1 3 3 3 3 0 0
0 3 3 1 1 5 5 5 5 5 5 1 1 5 5 5 5 5 5 5 5 5 5 5 5 5 1 1 3 3 3 1 1 5 5 5 5 5 5 5 1 1 3 3 3 3 0
0 3 3 3 1 1 1 5 5 5 1 1 1 1 1 5 5 5 5 5 5 5 5 5 5 5 5 1 3 3 3 1 5 5 5 5 5 5 5 5 5 1 1 3 3 3 0
0 3 3 3 3 3 1 1 1 1 1 3 3 3 1 1 5 5 5 5 5 5 5 5 5 5 5 1 3 3 3 1 5 5 5 5 5 5 5 5 5 5 1 1 3 3 0
0 0 3 3 3 3 3 3 3 3 3 3 3 3 3 1 1 1 5 5 5 5 5 5 5 5 5 1 3 3 3 1 1 1 1 5 5 5 5 5 5 5 5 1 3 3 0
0 0 0 0 3 3 3 3 3 3 3 3 3 3 3 3 3 1 1 5 5 5 5 5 5 5 5 1 3 3 3 3 3 3 1 1 5 5 5 5 5 5 5 1 3 3 0
0 0 0 0 0 0 0 3 3 3 3 3 3 3 3 3 3 1 1 5 5 5 5 5 5 5 5 1 1 3 3 3 3 3 3 1 1 1 5 5 5 5 5 1 3 3 0
0 0 0 0 0 0 0 0 3 3 3 3 3 3 3 3 1 1 1 5 5 5 5 5 5 5 5 5 1 3 3 3 3 3 3 1 1 1 5 5 5 5 1 1 3 3 0
0 0 0 0 0 0 0 0 0 3 3 3 6 6 6 6 6 1 1 5 5 5 5 5 5 5 5 5 1 3 3 3 3 3 3 1 1 5 5 5 5 5 1 1 3 3 0
0 0 0 0 0 0 0 0 0 3 3 6 6 6 6 6 6 6 1 1 5 5 5 5 5 5 5 5 1 1 3 3 3 3 3 1 5 5 5 5 5 5 1 3 3 3 0
0 0 0 0 0 0 0 0 0 3 3 6 6 6 6 6 6 6 6 1 1 5 5 5 5 5 5 5 5 1 1 3 3 3 3 1 5 5 5 5 5 1 1 3 3 3 0
0 0 0 0 0 0 0 0 0 3 3 6 6 6 6 6 6 6 6 1 1 5 5 5 5 5 5 5 5 5 1 1 3 3 1 1 5 5 5 5 5 1 3 3 3 0 0
0 0 0 0 0 0 0 0 0 3 3 6 6 6 6 6 6 6 6 1 2 5 5 5 5 5 5 5 5 5 5 1 1 1 1 5 5 5 5 5 1 1 3 3 0 0 0
0 0 0 0 0 0 0 0 0 3 3 6 6 6 6 6 6 6 6 1 1 5 5 5 5 5 5 5 5 5 5 5 5 5 5 5 5 5 5 5 1 3 3 3 0 0 0
0 0 0 0 0 0 0 0 0 3 3 6 6 6 6 6 6 6 6 1 1 5 5 5 5 5 1 1 5 5 5 5 5 5 5 5 5 5 5 5 1 3 3 3 0 0 0
0 0 0 0 0 0 0 0 0 3 3 6 6 6 6 6 6 6 6 1 5 5 5 5 5 5 1 1 1 5 5 5 5 5 5 5 5 5 5 1 1 3 3 0 0 0 0
0 0 0 0 0 0 0 0 0 3 3 1 6 6 6 6 6 6 1 1 5 5 5 5 5 5 1 1 1 5 5 5 5 5 5 5 5 5 5 1 3 3 3 0 0 0 0
0 0 0 0 0 0 0 0 0 3 3 1 1 6 6 6 6 1 1 1 5 5 5 5 5 1 1 1 1 1 5 5 5 5 5 5 5 5 1 1 3 3 3 0 0 0 0
0 0 0 0 0 0 0 0 0 3 3 1 1 1 1 1 1 1 1 1 5 5 5 5 5 1 1 1 1 1 5 5 5 5 5 5 5 1 1 3 3 3 0 0 0 0 0
0 0 0 0 0 0 0 0 0 3 3 1 1 1 1 1 1 1 1 5 5 5 5 5 5 1 1 1 1 5 5 5 5 5 5 5 5 1 3 3 3 3 0 0 0 0 0
0 0 0 0 0 0 0 0 0 3 3 1 1 1 4 1 1 1 5 5 5 5 5 5 5 1 1 1 1 5 5 5 5 5 5 5 5 1 3 3 3 3 0 0 0 0 0
0 0 0 0 0 0 0 0 0 3 3 1 5 5 5 5 5 5 5 5 5 5 5 5 5 1 1 1 2 5 5 5 5 5 5 5 5 1 1 3 3 3 3 0 0 0 0
0 0 0 0 0 0 0 0 0 3 3 1 1 5 5 5 5 5 5 5 5 5 5 5 5 1 1 1 1 5 5 5 5 5 5 5 5 5 1 1 3 3 3 3 0 0 0
0 0 0 0 0 0 0 0 0 3 3 3 1 1 5 5 5 5 5 5 5 5 5 5 5 1 1 1 1 5 5 5 5 5 5 5 5 5 5 1 1 3 3 3 0 0 0
0 0 0 0 0 0 0 0 0 3 3 3 1 1 5 5 5 5 5 5 5 5 5 5 5 5 1 1 1 5 5 5 5 5 5 5 5 5 5 5 1 1 3 3 0 0 0
0 0 0 0 0 0 0 0 0 0 3 3 1 5 5 5 5 5 5 5 5 5 5 5 5 5 1 1 1 5 5 5 5 5 5 5 5 5 5 5 5 1 3 3 0 0 0
0 0 0 0 0 0 0 0 0 0 3 3 1 5 5 5 5 5 5 5 5 5 5 5 5 5 1 1 1 5 5 5 5 5 5 5 5 5 5 5 5 1 3 3 0 0 0
0 0 0 0 0 0 0 0 0 0 3 3 1 1 5 5 5 5 5 5 5 5 5 5 5 5 1 1 1 1 5 5 5 5 5 5 5 5 5 5 5 1 3 3 0 0 0
0 0 0 0 0 0 0 0 0 0 3 3 1 1 1 5 5 5 5 5 5 5 5 5 5 5 1 1 1 1 5 5 5 5 5 5 5 5 5 5 5 1 3 3 0 0 0
0 0 0 0 0 0 0 0 0 0 3 3 3 1 1 1 5 5 5 5 5 5 5 5 5 1 1 1 1 1 5 5 5 5 5 5 5 5 5 5 5 1 3 3 0 0 0
0 0 0 0 0 0 0 0 0 0 3 3 3 1 1 1 1 5 5 5 5 5 5 5 1 1 3 3 3 1 1 5 5 5 5 5 5 5 5 5 1 1 3 3 0 0 0
0 0 0 0 0 0 0 0 0 0 0 3 3 3 1 1 1 1 1 1 1 1 1 1 1 3 3 3 3 3 1 5 5 5 5 5 5 5 5 1 1 3 3 3 0 0 0
0 0 0 0 0 0 0 0 0 0 0 3 3 3 3 3 3 3 3 3 3 3 3 3 3 3 3 3 3 3 1 5 5 5 5 5 5 5 1 1 3 3 3 3 0 0 0
0 0 0 0 0 0 0 0 0 0 0 0 3 3 3 3 3 3 3 3 3 3 3 3 3 3 3 3 3 3 1 1 5 5 5 5 5 1 1 3 3 3 3 0 0 0 0
0 0 0 0 0 0 0 0 0 0 0 0 0 0 0 0 0 0 0 0 0 0 3 3 3 3 3 3 3 3 1 1 5 5 5 5 5 1 3 3 3 3 0 0 0 0 0
0 0 0 0 0 0 0 0 0 0 0 0 0 0 0 0 0 0 0 0 0 0 0 0 3 3 3 3 3 3 1 1 5 5 5 5 5 1 3 3 3 0 0 0 0 0 0
0 0 0 0 0 0 0 0 0 0 0 0 0 0 0 0 0 0 0 0 0 0 0 0 0 3 3 3 3 3 1 5 5 5 5 5 5 1 3 3 3 3 3 0 0 0 0
0 0 0 0 0 0 0 0 0 0 0 0 0 0 0 0 0 0 0 0 0 0 0 0 0 3 3 3 1 1 1 5 5 5 5 5 5 1 1 3 3 3 3 0 0 0 0
0 0 0 0 0 0 0 0 0 0 0 0 0 0 0 0 0 0 0 0 0 0 0 0 0 3 3 1 1 5 5 5 5 5 5 5 5 5 1 1 3 3 3 0 0 0 0
0 0 0 0 0 0 0 0 0 0 0 0 0 0 0 0 0 0 0 0 0 0 0 0 0 3 3 1 5 5 5 5 5 5 5 5 5 5 5 1 1 3 3 0 0 0 0
0 0 0 0 0 0 0 0 0 0 0 0 0 0 0 0 0 0 0 0 0 0 0 0 0 3 3 1 5 5 5 5 5 5 5 5 5 5 5 5 1 3 3 0 0 0 0
0 0 0 0 0 0 0 0 0 0 0 0 0 0 0 0 0 0 0 0 0 0 0 0 0 3 3 1 5 5 5 5 5 5 5 5 5 5 5 5 1 3 3 0 0 0 0
0 0 0 0 0 0 0 0 0 0 0 0 0 0 0 0 0 0 0 0 0 0 0 0 0 3 3 1 1 5 5 5 5 5 5 5 5 5 5 5 1 3 3 0 0 0 0
0 0 0 0 0 0 0 0 0 0 0 0 0 0 0 0 0 0 0 0 0 0 0 0 0 3 3 3 1 1 5 5 5 5 5 5 5 5 5 1 1 3 3 0 0 0 0
0 0 0 0 0 0 0 0 0 0 0 0 0 0 0 0 0 0 0 0 0 0 0 0 0 3 3 3 3 1 1 1 5 5 5 5 5 1 1 1 3 3 3 0 0 0 0
0 0 0 0 0 0 0 0 0 0 0 0 0 0 0 0 0 0 0 0 0 0 0 0 0 0 3 3 3 3 3 1 1 1 1 1 1 1 3 3 3 3 3 0 0 0 0
0 0 0 0 0 0 0 0 0 0 0 0 0 0 0 0 0 0 0 0 0 0 0 0 0 0 0 3 3 3 3 3 3 3 3 3 3 3 3 3 3 3 0 0 0 0 0
0 0 0 0 0 0 0 0 0 0 0 0 0 0 0 0 0 0 0 0 0 0 0 0 0 0 0 0 0 3 3 3 3 3 3 3 3 3 3 3 0 0 0 0 0 0 0
0 0 0 0 0 0 0 0 0 0 0 0 0 0 0 0 0 0 0 0 0 0 0 0 0 0 0 0 0 0 0 0 0 0 0 0 0 0 0 0 0 0 0 0 0 0 0
1
3
0 16 33
1 40 20
1 58 35
14
3 24 13
5 24 12
5 24 19
5 42 13
5 46 23
5 41 25
5 32 25
5 24 27
5 21 42
5 5 27
5 5 38
5 56 28
6 16 7
6 45 27