38 58
0 0 0 0 0 0 0 0 0 0 0 0 0 0 0 0 0 0 0 0 0 0 0 0 0 0 0 0 0 0 0 0 0 0 0 0 0 0 0 0 0 0 0 0 0 0 0 0 0 0 0 0 0 0 0 0 0 0 
0 0 0 3 3 3 3 3 3 3 3 3 3 0 0 0 0 0 0 3 3 3 3 3 0 0 0 0 0 0 0 0 0 0 0 0 0 0 0 0 0 0 0 3 3 3 3 3 3 3 3 3 3 3 3 3 0 0
0 3 3 3 3 3 3 3 3 3 3 3 3 3 3 3 3 3 3 3 3 3 3 3 3 0 0 0 0 0 3 3 3 0 0 0 0 0 0 0 0 3 3 3 3 3 3 3 3 3 3 3 3 3 3 3 3 0 
0 3 3 3 3 1 1 1 1 1 1 3 3 3 3 3 3 3 3 3 3 1 1 3 3 3 0 0 0 3 3 3 3 3 0 0 0 0 0 0 3 3 3 3 3 1 1 1 1 1 1 1 1 3 3 3 3 0 
0 3 3 1 1 1 5 5 1 1 1 1 1 1 1 1 1 3 3 3 1 1 1 3 3 3 3 0 0 3 3 3 3 3 3 0 0 0 0 3 3 3 3 3 1 1 6 6 6 6 6 6 1 1 3 3 3 0 
0 3 3 1 1 5 5 5 1 1 1 1 1 1 1 1 1 1 3 3 1 1 1 1 3 3 3 3 3 3 3 3 3 3 3 3 0 0 3 3 3 3 3 1 1 6 6 6 6 6 6 6 6 1 1 3 3 0 
0 3 3 1 5 5 5 5 1 1 3 3 3 3 3 1 1 1 1 1 1 1 1 1 3 3 3 3 3 3 3 1 1 1 3 3 3 3 3 3 3 1 1 1 6 6 6 6 6 6 6 6 6 1 3 3 3 0 
0 3 3 1 5 5 5 5 1 1 3 3 3 3 3 3 1 1 1 1 1 5 1 1 1 1 3 3 3 3 1 1 1 1 3 3 3 3 3 3 3 1 1 6 6 6 6 6 6 1 1 1 1 1 3 3 3 0 
0 3 3 1 5 5 5 1 1 1 3 3 3 3 3 3 3 3 1 1 5 5 1 1 1 1 1 1 1 1 1 1 1 1 1 1 3 3 3 3 3 1 6 6 6 6 6 6 1 1 1 1 1 3 3 3 0 0 
0 3 3 1 5 5 5 1 1 1 1 3 3 3 3 3 3 3 1 1 5 5 5 5 5 5 1 1 4 1 1 1 1 1 1 1 1 1 3 3 1 1 6 6 6 6 6 6 6 1 1 1 1 3 3 3 0 0 
0 3 3 1 5 5 5 5 5 5 1 3 3 3 3 3 3 1 1 1 5 5 5 5 5 5 5 5 5 5 5 5 5 5 1 1 1 1 1 1 1 1 6 6 6 6 6 6 6 6 6 6 1 1 3 3 0 0 
0 3 3 1 5 5 5 5 5 5 1 1 3 3 3 3 1 1 5 5 5 5 5 5 5 5 5 5 5 5 5 5 5 5 5 1 1 1 1 1 1 1 1 6 6 6 6 6 6 6 6 6 6 1 3 3 3 0 
0 3 3 1 1 5 5 5 5 5 5 1 1 3 3 1 1 5 5 5 5 5 5 5 5 5 5 5 5 5 5 5 5 5 5 1 1 3 3 3 3 1 1 1 6 6 6 6 6 6 6 6 6 1 3 3 3 0 
0 3 3 3 1 5 5 5 5 5 5 1 1 1 1 1 5 5 5 5 5 5 5 5 5 1 1 1 1 5 5 5 5 5 5 5 1 3 3 3 3 3 3 1 1 1 1 1 1 1 6 6 6 1 1 3 3 0 
0 3 3 3 1 1 1 5 5 5 1 1 1 1 1 5 5 5 5 5 5 5 5 5 1 1 3 3 1 1 1 5 5 5 5 5 1 1 3 3 3 3 3 3 3 1 6 6 1 1 6 6 1 1 1 3 3 0 
0 0 3 3 3 1 1 5 5 5 1 1 1 5 5 5 5 5 5 5 5 5 5 1 1 1 3 3 3 3 1 1 5 5 5 5 5 1 1 3 3 3 3 3 3 1 6 6 1 1 6 6 1 3 1 3 3 0 
0 0 3 3 3 1 1 5 5 5 5 1 1 5 5 5 5 5 5 5 5 5 5 1 1 1 3 3 3 3 3 1 5 5 5 5 5 5 1 1 1 1 1 1 1 1 1 1 1 1 1 1 1 1 1 3 3 0 
0 3 3 3 1 1 1 5 5 5 5 5 5 5 5 5 5 5 5 5 5 5 5 5 1 1 3 3 3 3 3 1 5 5 5 5 5 5 5 5 5 5 1 1 1 1 1 6 6 1 1 1 1 1 3 3 3 0 
0 3 3 3 1 1 5 5 5 5 5 5 5 5 5 5 1 1 1 1 5 5 5 5 1 1 1 3 3 3 3 1 5 5 5 5 5 5 5 5 5 5 5 5 5 1 1 6 6 6 1 1 1 3 3 3 3 0 
0 3 3 1 1 5 5 5 5 5 5 5 5 5 5 1 1 3 3 1 5 5 5 5 5 1 1 1 3 3 3 1 5 5 5 5 5 5 5 5 5 5 5 5 5 5 1 6 6 6 1 1 3 3 3 3 0 0 
0 3 3 1 5 5 5 5 5 5 5 5 5 5 5 1 1 3 3 1 5 5 5 5 5 5 5 1 1 3 3 1 1 5 5 5 5 5 5 5 5 5 5 5 5 5 1 6 6 6 3 3 3 3 3 0 0 0 
0 3 3 1 5 5 5 5 5 5 5 5 5 5 1 1 1 3 3 1 1 5 5 5 5 5 5 1 1 3 3 3 1 5 5 5 5 5 5 5 5 5 5 5 5 5 2 6 6 6 3 3 3 3 3 3 3 0 
0 3 3 1 5 5 5 5 5 5 5 5 5 5 1 1 1 3 3 1 1 1 1 5 5 5 5 5 1 3 3 3 1 1 5 5 5 5 5 5 5 5 5 5 5 5 1 6 6 6 6 6 6 3 3 3 3 0 
0 3 3 1 5 5 5 5 5 5 5 5 5 5 5 1 1 3 3 3 1 1 1 5 5 5 5 5 1 1 3 3 3 1 1 1 1 5 5 5 5 5 5 5 5 5 1 6 6 6 6 6 6 6 6 3 3 0 
0 3 3 1 5 5 5 5 5 5 5 5 5 5 5 1 1 3 3 3 3 1 1 5 5 5 5 5 5 1 3 3 3 3 3 1 1 1 1 5 5 5 5 5 5 5 1 6 6 3 3 6 6 6 6 3 3 0 
0 3 3 1 5 5 5 5 5 5 5 5 5 5 1 1 1 3 3 3 3 1 1 5 5 5 5 5 5 1 1 3 3 3 3 1 1 1 1 5 5 5 5 5 5 1 1 6 6 3 3 3 6 6 6 3 3 0 
0 3 3 1 1 1 5 5 5 5 5 5 1 1 1 1 1 3 3 3 1 1 1 5 5 5 5 5 5 5 1 1 1 3 3 1 1 5 5 5 5 5 5 5 1 1 1 6 6 3 3 3 6 6 6 3 3 0 
0 3 3 3 3 1 5 5 5 5 1 1 1 3 3 3 1 1 1 1 1 1 5 5 5 5 5 5 5 5 5 1 1 1 1 1 1 5 5 5 5 5 5 5 1 6 6 6 6 6 6 6 6 6 3 3 3 0 
0 3 3 3 3 1 5 5 5 1 1 3 3 3 3 3 3 3 3 1 1 1 5 5 5 5 5 5 5 5 5 5 1 1 1 1 1 5 5 5 5 5 5 5 1 6 6 6 6 6 6 6 6 6 3 3 3 0 
0 0 3 3 3 1 1 1 1 1 1 3 3 3 3 3 3 3 3 1 1 1 5 5 5 5 5 5 5 5 5 5 5 1 1 1 1 5 5 5 5 5 5 5 1 6 6 6 6 6 6 6 6 3 3 3 3 0 
0 0 0 3 3 3 1 1 3 3 3 3 3 3 0 3 3 3 1 1 1 5 5 5 5 5 5 5 5 5 5 5 1 1 1 1 1 1 1 5 5 5 5 5 1 6 6 6 6 6 6 6 6 3 3 3 3 0 
0 0 0 3 3 3 3 3 3 3 3 3 3 0 3 3 3 3 1 1 5 5 5 5 5 5 5 5 5 5 5 1 1 3 3 3 3 3 1 5 5 5 1 1 1 6 6 6 6 6 6 3 3 3 3 3 0 0 
0 0 0 0 3 3 3 3 3 3 0 0 0 0 3 3 3 3 1 1 5 5 5 5 5 5 5 5 5 1 1 1 3 3 3 3 3 3 1 1 1 1 1 1 1 1 1 1 3 3 3 3 3 3 3 3 0 0 
0 0 0 0 0 0 0 0 0 0 0 0 0 0 3 3 3 3 1 1 1 5 5 5 5 5 5 5 1 1 3 3 3 3 3 3 3 3 3 3 1 1 1 1 3 3 3 3 3 3 3 3 3 3 3 0 0 0 
0 0 0 0 0 0 0 0 0 0 0 0 0 0 3 3 3 3 3 3 1 1 1 1 1 1 1 1 1 1 3 3 3 3 0 0 3 3 3 3 3 1 1 3 3 3 3 3 3 3 3 3 3 3 3 0 0 0 
0 0 0 0 0 0 0 0 0 0 0 0 0 0 0 3 3 3 3 3 3 3 3 3 3 3 3 3 3 3 3 3 3 0 0 0 0 3 3 3 3 3 3 3 3 3 3 3 3 3 3 3 3 3 0 0 0 0 
0 0 0 0 0 0 0 0 0 0 0 0 0 0 0 0 0 0 3 3 3 3 3 3 3 3 3 3 3 3 3 3 0 0 0 0 0 0 0 3 3 3 3 3 3 3 3 0 0 0 0 0 0 0 0 0 0 0 
0 0 0 0 0 0 0 0 0 0 0 0 0 0 0 0 0 0 0 0 0 0 0 0 0 0 0 0 0 0 0 0 0 0 0 0 0 0 0 0 0 0 0 0 0 0 0 0 0 0 0 0 0 0 0 0 0 0
1
3
0 29 26
1 7 50
1 25 8
11
3 5 31
5 7 21
5 13 16
5 19 5
5 20 21
5 21 34
5 23 14
5 31 20
5 28 31
6 5 6
6 33 41