52 38
0 0 0 0 0 0 0 0 0 0 0 0 0 0 0 0 0 0 0 0 0 0 0 0 0 0 0 0 0 0 0 0 0 0 0 0 0 0
0 0 0 0 0 0 3 3 3 3 3 3 3 3 3 3 3 3 0 0 0 0 0 0 0 0 0 0 0 0 0 0 0 0 0 0 0 0
0 0 0 0 0 3 3 3 3 3 3 3 3 3 3 3 3 3 3 3 0 0 0 0 0 0 0 0 0 0 0 0 0 0 0 0 0 0
0 0 0 0 3 3 3 3 3 1 1 1 1 1 1 3 3 3 3 3 3 3 3 3 0 0 0 0 0 0 0 0 0 0 0 0 0 0
0 0 0 0 3 3 3 3 1 1 1 1 1 1 1 1 1 1 3 3 3 3 3 3 3 3 3 3 0 0 0 0 0 0 0 0 0 0
0 0 0 3 3 3 3 1 1 1 1 1 1 1 5 5 1 1 6 6 6 6 3 3 3 3 3 3 3 0 0 0 0 0 0 0 0 0
0 0 3 3 3 3 1 1 1 1 1 1 1 5 5 5 1 1 6 6 6 6 6 6 6 3 3 3 3 0 0 0 0 0 0 0 0 0
0 0 3 3 3 3 1 1 1 1 1 1 1 5 5 5 2 1 6 6 6 6 6 6 6 6 3 3 3 0 0 0 0 0 0 0 0 0
0 3 3 3 3 1 1 1 1 1 1 1 5 5 5 5 1 6 6 6 6 6 6 6 6 6 3 3 3 0 0 0 0 0 0 0 0 0
0 3 3 3 3 1 1 1 1 1 1 5 5 5 5 5 1 6 6 6 6 6 6 6 6 6 3 3 3 0 0 0 0 0 0 0 0 0
0 3 3 3 1 1 1 1 1 1 5 5 5 5 5 5 1 6 6 6 6 6 6 6 6 6 3 3 3 0 0 0 0 0 0 0 0 0
0 3 3 3 1 1 1 1 1 5 5 5 5 5 5 1 1 6 6 6 6 6 6 6 6 6 3 3 3 0 0 0 0 0 0 0 0 0
0 3 3 3 1 1 1 1 5 5 5 5 5 1 1 1 6 6 6 6 6 6 6 6 6 3 3 3 3 0 0 0 0 0 0 0 0 0
0 3 3 3 1 1 1 1 5 5 5 5 1 1 1 1 3 3 6 6 6 6 6 6 3 3 3 3 3 0 0 0 0 0 0 0 0 0
0 3 3 3 1 1 1 5 5 5 5 1 1 1 1 3 3 3 3 6 6 6 6 3 3 3 3 3 0 0 0 0 0 0 0 0 0 0
0 3 3 3 3 1 5 5 5 5 1 1 1 1 3 3 3 3 3 3 3 3 3 3 3 3 3 0 0 0 0 0 0 0 0 0 0 0
0 3 3 3 3 1 5 5 5 5 1 1 1 3 3 3 3 3 3 3 3 3 3 3 3 3 0 0 0 0 0 0 0 0 0 0 0 0
0 3 3 3 3 1 5 5 5 1 1 1 3 3 3 3 0 0 3 3 3 3 3 3 3 0 0 0 0 0 0 0 0 0 0 0 0 0
0 3 3 3 3 1 5 5 5 1 1 3 3 3 3 0 0 0 0 0 0 0 0 0 0 0 0 0 0 0 0 0 0 0 0 0 0 0
0 0 3 3 3 1 5 5 5 1 1 3 3 3 0 0 0 0 0 0 0 0 0 0 0 0 0 0 0 0 0 0 0 0 0 0 0 0
0 0 3 3 3 1 5 5 5 1 1 1 3 3 0 0 0 0 0 0 0 0 0 0 0 0 0 0 0 0 0 0 0 0 0 0 0 0
0 0 3 3 3 1 5 5 5 5 1 1 3 3 0 0 0 0 0 0 0 0 0 0 0 0 0 0 0 0 0 0 0 0 0 0 0 0
0 0 3 3 3 1 5 5 5 5 1 1 3 3 0 0 0 0 0 0 0 0 0 0 0 0 0 0 0 0 0 0 0 0 0 0 0 0
0 0 3 3 3 1 1 5 5 5 1 1 3 3 0 0 0 0 0 0 0 0 0 0 0 0 0 0 0 0 0 0 0 0 0 0 0 0
0 0 3 3 3 3 1 5 5 5 5 1 3 3 0 0 0 0 0 0 0 0 0 0 0 0 0 0 0 0 0 0 0 0 0 0 0 0
0 0 3 3 3 3 1 1 5 5 5 1 3 3 0 0 0 0 0 0 0 0 0 0 0 0 0 0 0 0 0 0 0 0 0 0 0 0
0 0 0 3 3 3 3 1 1 2 1 1 3 3 0 0 0 0 0 0 0 0 0 0 0 0 0 0 0 0 0 0 0 0 0 0 0 0
0 0 0 3 3 3 3 6 6 6 6 6 3 3 3 0 0 0 0 0 0 0 0 0 0 0 0 0 0 0 0 0 0 0 0 0 0 0
0 0 0 3 3 3 3 6 6 6 6 6 3 3 3 0 0 0 0 0 0 0 0 0 0 0 0 0 0 0 0 0 0 0 0 0 0 0
0 0 0 3 3 3 3 6 6 6 6 6 6 3 3 3 0 0 0 0 0 0 0 0 0 0 0 0 0 0 0 0 0 0 0 0 0 0
0 0 0 3 3 3 6 6 6 6 6 6 6 3 3 3 0 0 0 0 0 0 0 0 0 0 0 0 0 0 0 0 0 0 0 0 0 0
0 0 3 3 3 3 6 6 6 6 6 6 6 3 3 3 3 0 0 0 0 0 3 3 3 3 3 3 3 3 3 3 0 0 0 0 0 0
0 0 3 3 3 3 6 6 6 6 6 6 6 6 3 3 3 0 0 0 0 3 3 3 3 3 3 3 3 3 3 3 3 0 0 0 0 0
0 0 3 3 3 6 6 6 6 6 6 6 6 6 3 3 3 3 0 0 3 3 3 3 3 3 3 3 3 3 3 3 3 3 0 0 0 0
0 0 3 3 3 6 6 6 6 6 6 6 6 6 3 3 3 3 0 3 3 3 3 3 6 6 6 6 6 6 3 3 3 3 3 0 0 0
0 0 3 3 3 3 6 6 6 6 6 6 6 6 6 3 3 3 3 3 3 3 3 6 6 6 6 6 6 6 6 6 3 3 3 3 0 0
0 0 3 3 3 3 6 6 6 6 6 6 6 6 6 3 3 3 3 3 3 3 6 6 6 6 6 6 6 6 6 6 6 3 3 3 3 0
0 0 0 3 3 3 6 6 6 6 6 6 6 6 6 6 3 3 3 3 3 6 6 6 6 6 6 6 6 6 6 6 6 3 3 3 3 0
0 0 0 3 3 3 3 6 6 6 6 6 6 6 6 6 6 6 3 3 6 6 6 6 6 6 6 6 6 6 6 6 6 6 3 3 3 0
0 0 0 3 3 3 3 6 6 6 6 6 6 6 6 6 6 6 6 6 6 6 6 6 6 6 6 6 6 6 6 6 6 6 3 3 3 0
0 0 0 3 3 3 6 6 6 6 6 6 6 6 6 6 6 6 6 6 6 6 6 6 6 6 6 6 6 6 6 6 6 6 3 3 3 0
0 0 0 3 3 3 6 6 6 6 6 6 6 6 6 6 6 6 6 6 6 6 6 6 6 6 6 6 6 6 6 6 6 3 3 3 3 0
0 0 0 3 3 3 6 6 6 6 6 6 6 6 6 6 6 6 6 6 6 6 6 6 6 6 6 6 6 6 6 3 3 3 3 3 3 0
0 0 0 3 3 3 3 6 6 6 6 6 6 6 6 6 6 6 6 6 6 6 6 6 6 6 6 6 3 3 3 3 3 3 3 3 0 0
0 0 0 3 3 3 3 3 6 6 6 6 6 6 6 6 6 6 6 6 6 6 6 6 6 3 3 3 3 3 3 3 3 3 0 0 0 0
0 0 0 0 3 3 3 3 3 6 6 6 6 6 6 6 6 6 6 6 6 6 6 3 3 3 3 3 3 3 3 0 0 0 0 0 0 0
0 0 0 0 0 3 3 3 3 3 3 6 6 6 6 6 6 6 6 6 6 3 3 3 3 3 3 3 3 0 0 0 0 0 0 0 0 0
0 0 0 0 0 0 3 3 3 3 3 3 3 6 6 6 6 6 6 3 3 3 3 3 3 3 3 0 0 0 0 0 0 0 0 0 0 0
0 0 0 0 0 0 0 3 3 3 3 3 3 3 3 6 6 3 3 3 3 3 3 3 0 0 0 0 0 0 0 0 0 0 0 0 0 0
0 0 0 0 0 0 0 0 0 3 3 3 3 3 3 3 3 3 3 3 3 3 0 0 0 0 0 0 0 0 0 0 0 0 0 0 0 0
0 0 0 0 0 0 0 0 0 0 0 3 3 3 3 3 3 3 3 3 0 0 0 0 0 0 0 0 0 0 0 0 0 0 0 0 0 0
0 0 0 0 0 0 0 0 0 0 0 0 0 0 0 0 0 0 0 0 0 0 0 0 0 0 0 0 0 0 0 0 0 0 0 0 0 0
3
1
0 36 24
8
5 2 13
5 39 33
5 41 6
5 42 25
5 47 15
5 14 13
6 7 9
6 9 24
2
5 27 8
5 8 20
1
0 9 4
8
5 2 13
5 21 11
5 11 20
5 6 18
5 10 23
5 7 23
5 29 6
6 7 9
0
1
0 6 13
3
5 2 13
6 7 9
7 37 25
1
7 15 11