47 40
0 0 0 0 0 0 0 0 0 0 0 0 0 0 0 0 0 0 0 0 0 0 0 0 0 0 0 0 0 0 0 0 0 0 0 0 0 0 0 0
0 0 0 0 0 0 0 0 0 0 0 0 0 0 0 0 0 0 0 3 3 3 3 3 3 3 3 3 3 3 3 3 0 0 0 0 0 0 0 0
0 0 0 0 0 0 0 0 0 0 0 0 0 0 0 0 0 3 3 3 3 3 3 3 3 3 3 3 3 3 3 3 3 0 0 0 0 0 0 0
0 0 0 0 0 0 3 3 3 3 3 3 3 3 3 3 3 3 3 3 3 3 1 1 1 1 1 1 1 3 3 3 3 0 0 0 0 0 0 0
0 0 0 0 0 3 3 3 3 3 3 3 3 3 3 3 3 3 3 3 3 1 1 1 5 1 1 1 1 1 3 3 3 0 0 0 0 0 0 0
0 0 0 3 3 3 3 3 3 3 3 3 3 3 3 3 3 3 3 3 1 1 1 5 5 5 5 1 1 1 1 3 3 0 0 0 0 0 0 0
0 0 3 3 3 3 3 1 1 1 1 1 3 3 3 3 3 3 3 1 1 1 5 5 5 5 5 1 1 1 1 3 3 0 0 0 0 0 0 0
0 3 3 3 3 1 1 1 1 1 1 1 1 1 1 1 3 3 3 1 1 5 5 5 5 5 5 1 1 1 1 3 3 0 0 0 0 0 0 0
0 3 3 3 1 1 5 5 5 5 1 1 1 1 1 1 1 1 1 1 1 5 5 5 5 5 5 1 1 1 1 3 3 0 0 0 0 0 0 0
0 3 3 1 1 5 5 5 5 5 5 5 5 5 5 1 1 1 1 1 5 5 5 5 5 5 1 1 1 1 3 3 3 0 0 0 0 0 0 0
0 3 3 1 5 5 5 5 5 5 5 5 5 5 5 5 1 1 1 5 5 5 5 5 5 5 1 1 1 1 3 3 3 0 0 0 0 0 0 0
0 3 3 1 5 5 5 5 5 5 5 5 5 5 5 5 1 1 5 5 5 5 5 5 5 1 1 1 1 3 3 3 0 0 0 0 0 0 0 0
0 3 3 1 5 5 5 5 5 5 5 5 5 5 5 5 5 5 5 5 5 5 5 5 5 1 1 1 1 3 3 3 0 0 0 0 0 0 0 0
0 3 3 1 5 5 5 5 5 5 5 5 5 5 5 5 5 5 5 5 5 5 5 5 5 1 1 1 3 3 3 0 0 0 0 0 0 0 0 0
0 3 3 1 5 5 5 5 5 5 5 5 5 5 5 5 5 5 5 5 5 5 5 5 5 1 1 1 3 3 3 0 0 0 0 0 0 0 0 0
0 3 3 1 1 5 5 5 5 5 5 5 5 5 5 5 5 5 5 5 5 5 5 5 1 1 1 1 3 3 3 3 0 0 0 0 0 0 0 0
0 3 3 1 1 5 5 5 5 5 5 5 5 5 5 5 5 5 5 5 5 5 5 5 1 1 1 1 3 3 3 3 3 3 3 0 0 0 0 0
0 3 3 3 1 5 5 5 5 5 5 5 5 5 5 5 5 5 5 5 5 5 1 1 1 1 1 1 1 3 3 3 3 3 3 3 3 3 0 0
0 3 3 3 1 1 5 5 5 5 5 5 5 5 5 5 5 5 5 5 5 1 1 1 1 1 1 1 1 1 1 3 3 3 3 3 3 3 0 0
0 3 3 3 1 1 1 5 5 5 5 5 5 5 5 1 1 1 2 1 1 1 1 1 1 1 1 1 1 1 1 1 1 1 1 3 3 3 3 0
0 3 3 3 3 1 1 1 1 1 1 1 1 1 1 1 6 6 6 6 6 1 1 1 1 1 1 1 1 1 2 1 1 1 1 1 3 3 3 0
0 0 3 3 3 3 1 1 1 1 1 1 6 6 6 6 6 6 6 6 6 6 1 1 1 1 1 1 5 5 5 5 5 5 1 1 1 3 3 0
0 0 3 3 3 3 3 1 1 1 1 6 6 6 6 6 6 6 6 6 6 6 1 1 1 1 5 5 5 5 5 5 5 5 5 5 1 3 3 0
0 0 0 3 3 3 3 3 1 1 6 6 6 6 6 6 6 6 6 6 6 6 1 1 1 5 5 5 5 5 5 5 5 5 5 5 1 3 3 0
0 0 0 3 3 3 3 3 1 1 6 6 6 6 6 6 6 6 6 6 1 1 1 5 5 5 5 5 5 5 5 5 5 5 5 5 1 3 3 0
0 0 0 0 3 3 3 3 3 1 6 6 6 6 6 6 6 6 6 1 1 5 5 5 5 5 5 5 5 5 5 5 5 5 5 5 1 3 3 0
0 0 0 0 3 3 3 3 3 1 6 6 6 6 6 6 6 6 1 1 5 5 5 5 5 5 5 5 5 5 5 5 5 5 5 5 1 3 3 0
0 0 0 0 0 3 3 3 3 1 1 6 6 6 6 6 1 1 1 5 5 5 5 5 5 5 5 5 5 5 5 5 5 5 5 5 1 3 3 0
0 0 0 0 0 3 3 3 3 1 1 1 1 1 1 1 1 5 5 5 5 5 5 5 5 5 5 5 5 5 5 5 5 5 5 5 1 3 3 0
0 0 0 0 0 0 3 3 3 3 1 1 1 1 1 5 5 5 5 5 5 5 5 5 5 5 5 5 5 5 5 5 5 5 5 1 1 3 3 0
0 0 0 0 0 0 3 3 3 3 1 1 1 5 5 5 5 5 5 5 5 5 5 5 5 5 5 5 5 5 5 5 5 5 5 1 3 3 3 0
0 0 0 0 0 0 0 3 3 3 1 1 1 5 5 5 5 5 5 5 5 5 5 5 5 5 5 5 5 5 5 5 5 5 5 1 3 3 3 0
0 0 0 0 0 0 0 3 3 3 1 1 1 5 5 5 5 5 5 5 5 5 5 5 5 5 5 5 5 5 5 5 5 5 1 1 3 3 3 0
0 0 0 0 0 0 0 3 3 3 3 1 5 5 5 5 5 5 5 5 5 5 5 1 1 1 5 5 5 5 5 5 5 1 1 3 3 3 0 0
0 0 0 0 0 0 0 0 3 3 3 1 5 5 5 5 5 5 5 5 5 1 1 1 1 1 5 5 5 5 5 5 1 1 3 3 3 3 0 0
0 0 0 0 0 0 0 0 3 3 3 1 5 5 5 5 5 5 5 5 1 1 1 3 3 1 1 5 5 5 5 1 1 1 3 3 3 3 0 0
0 0 0 0 0 0 0 0 3 3 3 1 1 5 5 5 5 5 5 1 1 1 3 3 3 1 1 1 1 1 1 1 1 1 1 3 3 3 3 0
0 0 0 0 0 0 0 0 0 3 3 1 1 1 5 5 5 5 1 1 1 3 3 3 3 3 1 1 1 1 1 6 6 6 6 6 3 3 3 0
0 0 0 0 0 0 0 0 0 3 3 3 1 1 1 1 1 1 1 3 3 3 3 3 3 3 3 6 6 6 6 6 6 6 6 6 6 3 3 0
0 0 0 0 0 0 0 0 0 3 3 3 3 1 1 1 1 3 3 3 3 3 0 3 3 3 3 6 6 6 6 6 6 6 6 6 6 3 3 0
0 0 0 0 0 0 0 0 0 0 3 3 3 3 3 3 3 3 3 3 3 0 0 0 3 3 3 3 6 6 6 6 6 6 6 6 6 3 3 0
0 0 0 0 0 0 0 0 0 0 0 3 3 3 3 3 3 3 3 3 0 0 0 0 0 3 3 3 6 6 6 6 6 6 6 6 3 3 3 0
0 0 0 0 0 0 0 0 0 0 0 0 0 0 0 0 0 0 0 0 0 0 0 0 0 3 3 3 3 6 6 6 6 6 6 6 3 3 3 0
0 0 0 0 0 0 0 0 0 0 0 0 0 0 0 0 0 0 0 0 0 0 0 0 0 3 3 3 3 3 6 6 6 6 6 3 3 3 0 0
0 0 0 0 0 0 0 0 0 0 0 0 0 0 0 0 0 0 0 0 0 0 0 0 0 0 3 3 3 3 3 3 3 3 3 3 3 3 0 0
0 0 0 0 0 0 0 0 0 0 0 0 0 0 0 0 0 0 0 0 0 0 0 0 0 0 0 3 3 3 3 3 3 3 3 3 3 3 0 0
0 0 0 0 0 0 0 0 0 0 0 0 0 0 0 0 0 0 0 0 0 0 0 0 0 0 0 0 0 0 0 0 0 0 0 0 0 0 0 0
1
2
0 12 6 1 7 29
8
5 18 33
5 22 35
5 23 25
5 30 13
5 31 33
5 34 28
5 35 18
6 30 10