62 46
0 0 0 0 0 0 0 0 0 0 0 0 0 0 0 0 0 0 0 0 0 0 0 0 0 0 0 0 0 0 0 0 0 0 0 0 0 0 0 0 0 0 0 0 0 0
0 0 0 0 0 0 0 0 0 0 0 0 0 0 3 3 3 3 3 3 3 3 3 3 0 0 0 0 0 0 0 0 0 0 0 0 0 0 0 0 0 0 0 0 0 0
0 0 0 0 0 0 0 0 0 0 0 0 0 3 3 3 3 3 3 3 3 3 3 3 3 3 0 0 0 0 0 0 0 0 3 3 3 3 3 3 3 3 0 0 0 0
0 0 0 0 0 0 0 0 0 0 0 0 3 3 3 3 1 1 1 1 1 1 3 3 3 3 0 0 0 0 0 3 3 3 3 3 3 3 3 3 3 3 3 0 0 0
0 0 0 0 0 0 0 0 0 0 0 0 3 3 3 1 1 5 5 5 1 1 1 1 3 3 0 0 0 0 3 3 3 3 3 1 1 1 1 1 3 3 3 3 0 0
0 0 0 0 0 0 0 0 0 0 0 3 3 3 1 1 5 5 5 5 5 1 1 1 3 3 3 0 0 0 3 3 3 1 1 1 5 5 5 1 1 3 3 3 0 0
0 0 0 0 0 0 0 0 0 0 0 3 3 3 1 5 5 5 5 5 5 5 1 1 3 3 3 0 0 3 3 3 1 1 1 5 5 5 5 5 1 3 3 3 0 0
0 0 0 0 0 0 0 0 0 0 3 3 3 1 1 5 5 5 5 5 5 5 1 1 3 3 3 0 0 3 3 3 1 5 5 5 5 5 5 5 1 3 3 3 0 0
0 0 0 0 0 0 0 0 0 0 3 3 3 1 5 5 5 5 5 5 5 5 1 1 1 3 3 3 3 3 3 1 1 5 5 5 5 5 5 5 1 3 3 3 0 0
0 0 0 0 0 0 0 0 0 0 3 3 1 1 5 5 5 5 5 5 5 5 5 1 1 3 3 3 3 3 3 1 1 5 5 5 5 1 1 1 1 3 3 0 0 0
0 0 0 0 0 0 0 0 0 3 3 3 1 1 5 5 5 5 1 1 5 5 5 1 1 1 3 3 3 3 1 1 5 5 5 5 1 1 1 1 1 3 3 0 0 0
0 0 0 0 0 0 0 0 0 3 3 3 1 5 5 5 5 1 1 1 5 5 5 1 1 1 1 3 3 1 1 1 5 5 5 5 1 1 1 1 1 3 3 0 0 0
0 0 0 0 0 0 0 0 0 3 3 1 1 5 5 5 1 1 1 1 1 5 5 5 1 1 1 1 1 1 5 5 5 5 5 1 1 1 1 1 3 3 3 0 0 0
0 0 0 0 0 0 0 0 0 3 3 1 5 5 5 5 1 1 1 1 1 5 5 5 1 1 1 1 1 1 5 5 5 5 1 1 1 1 1 1 3 3 3 0 0 0
0 0 0 0 0 0 0 0 0 3 3 1 5 5 5 1 1 1 1 1 1 5 5 5 1 1 1 1 1 5 5 5 5 5 1 6 6 6 1 3 3 3 3 0 0 0
0 0 0 0 0 0 0 3 3 3 3 1 5 5 5 1 1 1 1 1 1 1 5 5 5 1 1 1 5 5 5 5 5 1 1 6 6 6 6 3 3 3 0 0 0 0
0 0 0 0 0 0 3 3 3 3 3 1 5 5 5 1 1 1 1 1 1 1 5 5 5 1 1 5 5 5 5 5 1 1 6 6 6 6 3 3 3 3 0 0 0 0
0 0 0 0 0 0 3 3 3 1 1 1 5 5 5 1 1 1 1 1 1 1 5 5 5 5 5 5 5 5 5 1 1 6 6 6 6 6 3 3 3 3 0 0 0 0
0 0 0 0 0 0 3 3 1 1 1 1 5 5 5 5 1 1 1 1 1 1 5 5 5 5 5 5 5 5 1 1 6 6 6 6 6 6 3 3 3 0 0 0 0 0
0 0 0 0 0 0 3 3 1 1 1 1 5 5 5 5 1 1 1 1 1 1 5 5 5 5 5 5 5 1 1 6 6 6 6 6 6 3 3 3 3 0 0 0 0 0
0 0 0 0 0 0 3 3 1 1 1 1 5 5 5 5 1 1 1 1 1 1 1 5 5 5 5 5 1 1 6 6 6 6 6 6 6 3 3 3 3 0 0 0 0 0
0 0 0 0 0 0 3 3 1 1 1 1 5 5 5 5 5 1 1 1 1 1 1 5 5 5 5 5 1 6 6 6 6 6 6 6 6 3 3 3 3 0 0 0 0 0
0 0 0 0 0 0 3 3 1 1 1 2 5 5 5 5 5 1 1 1 1 1 1 5 5 5 5 5 1 6 6 6 6 6 6 6 1 1 3 3 3 3 0 0 0 0
0 0 0 0 0 3 3 3 1 1 1 1 5 5 5 5 5 1 1 1 1 1 1 1 1 2 1 1 1 6 6 6 6 6 6 1 1 1 3 3 3 3 0 0 0 0
0 0 3 3 3 3 3 3 1 1 1 1 5 5 5 5 5 2 1 1 1 1 1 1 1 1 6 6 6 6 6 6 6 6 1 1 1 1 3 3 3 3 3 0 0 0
0 3 3 3 3 3 3 1 1 1 1 1 5 5 5 5 5 1 1 1 1 1 1 1 1 6 6 6 6 6 6 6 6 1 1 1 1 1 1 3 3 3 3 3 0 0
0 3 3 3 1 1 1 1 1 1 1 1 5 5 5 5 5 1 1 1 1 1 3 3 6 6 6 6 6 6 6 1 1 1 1 1 1 1 1 3 3 3 3 3 0 0
0 3 3 1 1 1 1 1 1 1 1 1 1 5 5 5 5 1 1 1 1 3 3 3 6 6 6 6 6 6 1 1 5 1 1 1 1 1 1 1 3 3 3 3 3 0
0 3 3 1 5 5 1 1 1 1 1 1 1 5 5 5 1 1 1 1 3 3 3 3 3 6 6 6 6 6 1 5 5 5 5 1 1 1 1 1 1 3 3 3 3 0
0 3 3 1 5 5 5 1 1 4 1 1 5 5 5 5 1 1 1 1 3 3 3 3 3 6 6 6 6 1 1 5 5 5 5 5 1 1 1 1 1 1 3 3 3 0
0 3 3 1 5 5 5 5 5 5 5 5 5 5 5 5 1 1 1 1 1 3 3 3 6 6 6 6 6 1 5 5 5 5 5 5 1 1 1 1 1 1 3 3 3 0
0 3 3 1 5 5 5 5 5 5 5 5 5 5 5 5 1 1 1 1 1 3 3 3 6 6 6 6 1 1 5 5 5 5 5 5 1 1 1 1 1 1 1 3 3 0
0 3 3 1 1 5 5 5 5 5 5 5 5 5 5 5 1 1 1 1 1 6 6 6 6 6 6 6 1 5 5 5 5 5 5 5 5 1 1 1 1 1 1 3 3 0
0 3 3 3 1 1 5 5 5 5 5 5 5 5 5 5 5 1 1 1 6 6 6 6 6 6 6 1 1 5 5 5 5 5 5 5 5 1 1 1 1 1 1 3 3 0
0 3 3 3 3 1 1 5 5 5 5 5 5 5 5 5 5 1 1 6 6 6 6 6 6 6 1 1 5 5 5 5 1 1 5 5 5 1 1 1 1 1 1 3 3 0
0 0 3 3 3 3 1 5 5 5 5 5 5 1 1 1 1 1 6 6 6 6 6 6 6 6 1 5 5 5 5 1 1 1 1 5 5 5 1 1 1 1 3 3 3 0
0 0 0 3 3 3 1 1 5 5 5 5 1 1 6 6 6 1 6 6 6 6 6 6 6 6 1 5 5 5 5 1 1 1 1 5 5 5 1 1 1 1 3 3 3 0
0 0 0 0 3 3 1 1 5 5 5 5 1 6 6 6 6 6 1 6 6 6 6 6 6 1 1 1 1 1 1 1 1 1 1 5 5 5 5 5 1 3 3 3 0 0
0 0 0 0 3 3 1 1 1 5 5 1 1 6 6 6 6 6 1 6 6 6 6 6 6 1 1 1 1 6 6 6 6 1 1 1 5 5 5 5 1 3 3 3 0 0
0 0 0 0 3 3 3 1 1 5 5 1 1 6 6 6 6 6 1 1 6 6 6 6 1 1 1 1 6 6 6 6 6 6 6 1 5 5 5 5 1 3 3 0 0 0
0 0 0 0 3 3 3 1 1 5 5 1 1 6 6 6 6 6 1 1 1 2 1 1 1 1 1 1 6 6 6 6 6 6 6 1 1 5 5 5 1 3 3 0 0 0
0 0 0 0 3 3 1 1 5 5 5 1 6 6 6 6 6 1 1 5 5 5 5 5 1 1 1 6 6 6 6 6 6 6 6 6 1 1 5 5 1 3 3 0 0 0
0 0 0 0 3 3 1 1 5 5 5 1 6 6 6 6 6 1 5 5 5 5 5 5 1 1 6 6 6 6 6 6 6 6 6 6 1 1 5 5 1 3 3 0 0 0
0 0 0 0 3 3 1 1 5 5 5 1 6 6 6 6 6 1 5 5 5 5 5 5 1 6 6 6 6 6 6 6 6 6 6 6 1 1 1 1 1 3 3 0 0 0
0 0 0 0 3 3 1 5 5 5 1 1 6 6 6 6 6 1 5 5 5 5 5 1 1 6 6 6 6 6 6 6 6 6 6 1 1 1 1 3 3 3 3 0 0 0
0 0 0 0 3 3 1 5 5 5 1 6 6 6 6 6 1 1 5 5 5 5 5 1 1 1 1 6 6 6 6 6 6 6 1 1 1 3 3 3 3 3 3 0 0 0
0 0 0 0 3 3 1 5 5 5 1 6 6 6 6 1 1 5 5 5 5 5 5 5 5 1 1 1 1 6 6 6 6 1 1 1 3 3 3 3 3 0 0 0 0 0
0 0 0 0 3 3 1 5 5 5 1 6 6 6 6 1 5 5 5 5 5 5 5 5 5 5 5 1 1 1 1 1 1 1 1 3 3 3 0 0 0 0 0 0 0 0
0 0 0 0 3 3 1 5 5 5 1 6 6 6 1 1 5 5 5 5 5 5 5 5 5 5 5 5 1 1 1 1 1 1 3 3 3 0 0 0 0 0 0 0 0 0
0 0 0 0 3 3 1 5 5 5 1 1 6 1 1 5 5 5 5 1 1 1 1 5 5 5 5 5 5 1 1 1 1 1 3 3 3 0 0 0 0 0 0 0 0 0
0 0 0 0 3 3 1 5 5 5 5 1 1 1 5 5 5 5 1 1 1 1 1 1 1 5 5 5 5 5 1 1 1 3 3 3 0 0 0 0 0 0 0 0 0 0
0 0 0 0 3 3 1 1 5 5 5 1 1 5 5 5 5 5 1 1 3 3 3 1 1 1 5 5 5 5 5 1 1 3 3 3 0 0 0 0 0 0 0 0 0 0
0 0 0 0 3 3 3 1 5 5 5 5 5 5 5 5 5 1 1 3 3 3 3 3 1 1 1 5 5 5 5 1 1 3 3 0 0 0 0 0 0 0 0 0 0 0
0 0 0 0 3 3 3 1 5 5 5 5 5 5 5 5 5 1 1 3 3 3 3 3 3 3 1 1 5 5 5 5 1 3 3 0 0 0 0 0 0 0 0 0 0 0
0 0 0 0 0 3 3 1 1 5 5 5 5 5 5 5 5 1 3 3 3 3 3 3 3 3 1 1 5 5 5 5 1 3 3 0 0 0 0 0 0 0 0 0 0 0
0 0 0 0 0 3 3 3 1 1 5 5 5 5 5 5 5 1 3 3 3 0 0 3 3 3 3 1 5 5 5 5 1 3 3 0 0 0 0 0 0 0 0 0 0 0
0 0 0 0 0 3 3 3 3 1 1 5 5 5 5 5 5 1 3 3 3 0 0 0 3 3 3 1 1 5 5 1 1 3 3 0 0 0 0 0 0 0 0 0 0 0
0 0 0 0 0 0 3 3 3 1 1 1 5 5 5 5 1 1 3 3 0 0 0 0 3 3 3 3 1 1 1 1 3 3 3 0 0 0 0 0 0 0 0 0 0 0
0 0 0 0 0 0 0 3 3 3 3 1 1 1 1 1 1 3 3 3 0 0 0 0 0 3 3 3 3 3 3 3 3 3 3 0 0 0 0 0 0 0 0 0 0 0
0 0 0 0 0 0 0 3 3 3 3 3 3 3 3 3 3 3 3 3 0 0 0 0 0 0 3 3 3 3 3 3 3 3 0 0 0 0 0 0 0 0 0 0 0 0
0 0 0 0 0 0 0 0 0 3 3 3 3 3 3 3 3 3 3 0 0 0 0 0 0 0 0 0 0 0 0 0 0 0 0 0 0 0 0 0 0 0 0 0 0 0
0 0 0 0 0 0 0 0 0 0 0 0 0 0 0 0 0 0 0 0 0 0 0 0 0 0 0 0 0 0 0 0 0 0 0 0 0 0 0 0 0 0 0 0 0 0
2
4
0 17 25
1 26 8
1 43 31
1 33 41
33
3 5 37
5 56 15
5 55 16
5 44 7
5 28 4
5 29 12
5 33 16
5 13 12
5 21 16
5 4 19
5 18 22
5 10 32
5 21 37
5 12 17
5 16 20
5 29 20
5 44 36
5 48 33
5 41 23
5 46 17
5 36 32
5 38 33
5 32 38
5 26 24
5 27 32
5 35 30
5 37 6
5 51 24
5 41 39
5 13 26
6 46 12
6 55 29
6 9 39
13
0 17 9
0 11 25
0 13 30
0 48 31
2 12 13 22 2
2 31 9 11 2
2 43 8 10 2
2 26 18 10 1
2 26 25 7 1
2 23 27 7 1
3 36 13 12 2
3 38 12 20 2
7 12 18
4
0 51 13
1 10 34
1 30 17
1 47 12
30
3 12 17
5 49 7
5 40 13
5 34 20
5 41 27
5 46 32
5 41 31
5 43 34
5 36 32
5 32 31
5 41 39
5 27 32
5 25 21
5 25 28
5 20 33
5 23 37
5 16 9
5 8 19
5 37 25
5 29 24
5 10 40
5 33 16
5 42 18
5 12 30
5 8 12
5 4 33
6 12 25
6 54 29
6 32 40
6 29 4
14
4 22 31
4 18 18
5 38 14
5 39 30
5 7 17
5 32 11
5 34 40
5 34 23
6 22 8
6 47 22
6 31 32
6 35 21
6 7 38
6 36 23