58 40
0 0 0 0 0 0 0 0 0 0 0 0 0 0 0 0 0 0 0 0 0 0 0 0 0 0 0 0 0 0 0 0 0 0 0 0 0 0 0 0
0 0 0 0 0 0 0 0 0 0 0 0 0 0 0 0 0 0 0 0 0 0 0 0 0 0 3 3 3 3 3 3 0 0 0 0 0 0 0 0
0 0 0 0 0 0 0 0 0 0 0 0 0 0 0 0 0 0 0 0 0 0 0 0 0 3 3 3 3 3 3 3 0 0 0 0 0 0 0 0
0 0 0 0 0 0 0 0 0 0 0 0 0 0 0 0 0 0 0 0 0 0 0 0 0 3 3 3 6 6 3 3 0 0 0 0 0 0 0 0
0 0 0 0 0 0 0 0 0 0 0 0 0 0 0 0 0 0 0 0 0 0 0 0 0 3 3 6 6 6 3 3 0 0 0 0 0 0 0 0
0 0 0 0 0 0 0 0 0 0 0 0 0 0 0 0 0 0 0 0 0 0 0 0 0 3 3 6 6 6 3 3 3 0 0 0 0 0 0 0
0 0 0 0 0 0 0 0 0 0 0 0 0 0 0 0 0 0 0 0 0 0 0 0 0 3 3 6 6 6 3 3 3 0 0 0 0 0 0 0
0 0 0 0 0 0 0 0 0 0 0 0 0 0 0 0 0 0 0 0 0 0 0 0 0 3 3 3 6 6 6 3 3 3 0 0 0 0 0 0
0 0 0 0 0 0 0 0 0 0 0 0 0 0 0 0 0 0 0 0 0 0 0 0 0 3 3 3 6 6 6 3 3 3 3 0 0 0 0 0
0 0 0 0 0 0 0 0 0 0 0 0 0 0 0 0 0 0 0 0 0 0 0 0 0 0 3 3 6 6 6 6 3 3 3 3 0 0 0 0
0 0 0 0 0 0 0 0 0 0 0 0 0 0 0 0 0 0 0 0 0 0 0 0 0 0 3 3 3 6 6 6 6 3 3 3 3 0 0 0
0 0 0 0 0 0 0 0 0 0 0 0 0 0 0 0 0 0 0 0 0 0 0 0 0 0 3 3 3 6 6 6 6 6 3 3 3 0 0 0
0 0 0 0 0 0 0 0 0 0 0 0 0 0 0 0 0 0 0 0 0 0 0 0 0 0 0 3 3 3 6 6 6 6 6 3 3 0 0 0
0 0 0 0 0 0 0 0 0 0 0 0 0 0 0 0 0 0 0 0 0 0 0 0 0 0 0 3 3 3 6 6 6 6 6 3 3 0 0 0
0 0 0 0 0 0 0 0 0 0 0 0 0 0 0 0 0 0 0 0 0 0 0 0 0 3 3 3 3 3 6 6 6 6 6 3 3 3 0 0
0 0 0 0 0 0 0 0 0 0 0 0 0 0 0 0 0 0 0 0 0 0 0 0 3 3 3 3 3 3 1 6 6 6 1 3 3 3 0 0
0 0 0 0 0 0 0 0 0 0 0 0 0 3 3 3 3 3 3 3 3 3 3 3 3 3 3 1 1 1 1 6 6 6 1 1 3 3 0 0
0 0 0 0 0 0 0 0 0 0 0 0 3 3 3 3 3 3 3 3 3 3 3 3 3 3 1 1 1 1 1 1 2 1 1 1 3 3 0 0
0 0 0 0 0 0 0 0 0 0 0 3 3 3 3 1 1 1 3 3 3 3 1 1 1 1 1 1 1 5 5 5 5 5 5 1 3 3 0 0
0 0 0 0 0 0 0 0 0 0 0 3 3 3 1 1 1 1 1 3 3 1 1 5 5 1 1 1 5 5 5 5 5 5 5 1 3 3 0 0
0 0 0 0 0 0 0 0 0 0 0 3 3 1 1 1 1 1 1 1 1 1 5 5 5 5 5 5 5 5 5 5 5 5 5 1 3 3 0 0
0 0 0 0 0 0 0 0 0 0 0 3 3 1 1 1 1 5 5 1 1 5 5 5 5 5 5 5 5 5 5 5 5 1 1 1 3 3 0 0
0 0 0 0 0 0 0 0 0 0 0 3 3 1 1 1 5 5 5 5 5 5 5 5 5 5 5 5 5 5 5 5 5 1 3 3 3 3 0 0
0 0 0 0 0 0 0 0 0 0 0 3 3 1 1 1 5 5 5 5 5 5 5 5 5 5 5 5 5 5 5 5 1 1 3 3 3 3 0 0
0 0 0 3 3 3 3 3 3 3 0 3 3 3 1 1 1 5 5 5 5 5 5 5 5 5 5 5 5 5 5 5 1 3 3 3 0 0 0 0
0 0 3 3 3 3 3 3 3 3 3 3 3 3 3 3 1 1 5 5 5 5 5 5 5 5 5 5 5 5 5 5 1 3 3 3 0 0 0 0
0 0 3 3 3 1 1 1 3 3 3 3 3 3 3 3 3 1 1 1 5 5 5 5 5 5 5 5 5 5 5 1 1 3 3 0 0 0 0 0
0 3 3 3 1 1 5 1 1 1 1 1 1 1 3 3 3 3 3 1 1 5 5 5 5 5 5 5 5 5 1 1 3 3 3 0 0 0 0 0
0 3 3 3 1 5 5 1 1 1 5 5 5 1 1 1 3 3 3 3 1 1 1 5 5 5 5 5 1 1 1 3 3 3 3 0 0 0 0 0
0 3 3 1 1 5 5 5 5 5 5 5 5 5 5 1 3 3 3 3 3 3 1 5 5 5 5 1 1 3 3 3 3 3 0 0 0 0 0 0
0 3 3 1 5 5 5 5 5 5 5 5 5 5 5 1 1 3 3 3 3 3 1 5 5 5 5 1 3 3 3 3 3 0 0 0 0 0 0 0
0 3 3 1 5 5 5 5 5 5 5 5 5 5 5 5 1 3 3 3 3 3 1 5 5 5 5 1 3 3 3 0 0 0 0 0 0 0 0 0
0 3 3 1 1 1 5 5 5 5 1 1 5 5 5 5 1 3 3 3 3 3 1 5 5 5 1 1 3 3 0 0 0 0 0 0 0 0 0 0
0 3 3 3 1 1 5 5 5 5 1 1 1 5 5 5 1 1 3 3 3 1 1 5 5 5 1 3 3 3 0 0 0 0 0 0 0 0 0 0
0 3 3 3 1 1 1 5 5 5 1 1 1 1 5 5 5 1 3 3 3 1 1 5 5 5 1 3 3 3 0 0 0 0 0 0 0 0 0 0
0 0 3 3 1 1 1 5 5 5 5 1 1 1 5 5 5 1 3 3 3 1 5 5 5 5 1 3 3 0 0 0 0 0 0 0 0 0 0 0
0 0 3 3 1 1 1 5 5 5 5 1 1 1 5 5 5 1 3 3 3 1 5 5 5 5 1 3 3 0 0 3 3 3 3 3 3 3 3 0
0 0 3 3 1 1 1 5 5 5 5 1 1 1 1 5 5 1 1 3 3 1 5 5 5 1 1 3 3 3 3 3 3 3 3 3 3 3 3 0
0 3 3 3 1 1 5 5 5 5 5 1 1 1 1 5 5 5 1 1 1 1 5 5 5 1 1 3 3 3 3 3 3 1 1 1 1 3 3 0
0 3 3 3 1 1 5 5 5 5 5 1 1 1 1 5 5 5 1 1 1 5 5 5 5 1 1 3 3 3 1 1 1 1 5 5 1 3 3 0
0 3 3 1 1 1 5 5 5 5 5 1 1 1 1 5 5 5 1 1 1 5 5 5 5 1 1 3 3 1 1 5 5 5 5 5 1 3 3 0
0 3 3 1 1 5 5 5 5 5 5 1 1 1 1 5 5 5 1 1 5 5 5 5 1 1 1 1 1 1 5 5 5 5 5 5 1 3 3 0
0 3 3 1 5 5 5 5 5 5 1 1 1 1 1 5 5 5 5 5 5 5 5 5 1 1 1 1 1 5 5 5 5 5 5 5 1 3 3 0
0 3 3 1 5 5 5 5 5 5 1 1 1 1 1 5 5 5 5 5 5 5 5 1 1 1 1 1 1 5 5 5 5 5 5 1 1 3 3 0
0 3 3 1 5 5 5 5 5 5 1 1 1 1 1 5 5 5 5 5 5 5 1 1 1 1 1 5 5 5 5 5 5 5 5 1 3 3 3 0
0 3 3 1 1 5 5 5 5 5 5 1 1 5 5 5 5 5 5 5 5 1 1 1 1 1 5 5 5 5 5 5 5 5 1 1 3 3 3 0
0 3 3 3 1 5 5 5 5 5 5 5 5 5 5 5 5 5 5 5 1 1 1 1 1 5 5 5 5 5 5 5 5 5 1 3 3 3 0 0
0 3 3 3 1 1 5 5 5 5 5 5 5 5 5 5 5 5 5 1 1 1 1 1 5 5 5 5 5 5 5 5 5 5 1 3 3 3 0 0
0 0 3 3 1 1 5 5 5 5 5 5 5 5 5 5 1 1 1 1 1 1 1 1 5 5 5 5 5 5 5 5 5 1 1 3 3 0 0 0
0 0 3 3 1 1 5 5 5 5 5 5 5 5 5 1 1 3 3 1 1 1 1 5 5 5 5 5 5 5 5 1 1 1 3 3 3 0 0 0
0 0 3 3 1 5 5 5 5 5 5 5 5 1 1 1 3 3 3 1 1 1 5 5 5 5 5 5 5 5 1 1 3 3 3 3 3 0 0 0
0 0 3 3 1 5 5 5 5 5 5 5 1 1 3 3 3 3 3 3 1 5 5 5 5 5 5 5 5 5 1 3 3 3 3 3 0 0 0 0
0 0 3 3 1 5 5 5 5 5 5 1 1 3 3 3 3 3 3 3 1 5 5 5 5 5 5 5 5 1 1 3 3 3 0 0 0 0 0 0
0 0 3 3 1 1 5 5 5 1 1 1 3 3 3 3 3 3 3 3 1 1 5 5 5 5 5 1 1 1 3 3 3 0 0 0 0 0 0 0
0 0 3 3 3 1 1 1 1 1 3 3 3 3 3 3 3 3 3 3 3 1 1 1 1 1 1 1 3 3 3 3 3 0 0 0 0 0 0 0
0 0 3 3 3 3 3 3 3 3 3 3 3 3 0 0 0 0 3 3 3 3 3 3 3 3 3 3 3 3 3 3 0 0 0 0 0 0 0 0
0 0 0 3 3 3 3 3 3 3 3 3 0 0 0 0 0 0 0 3 3 3 3 3 3 3 3 3 3 3 0 0 0 0 0 0 0 0 0 0
0 0 0 0 0 0 0 0 0 0 0 0 0 0 0 0 0 0 0 0 0 0 0 0 0 0 0 0 0 0 0 0 0 0 0 0 0 0 0 0
3
1
0 3 28
9
3 39 34
5 49 23
5 41 30
5 21 17
5 15 35
5 35 14
5 45 10
5 50 5
6 30 5
1
0 44 33
4
3 39 34
5 41 30
5 49 23
5 50 29
1
0 37 9
9
3 39 34
5 16 26
5 23 24
5 28 10
5 41 30
5 49 23
5 50 29
5 46 11
6 3 28