63 54
0 0 0 0 0 0 0 0 0 0 0 0 0 0 0 0 0 0 0 0 0 0 0 0 0 0 0 0 0 0 0 0 0 0 0 0 0 0 0 0 0 0 0 0 0 0 0 0 0 0 0 0 0 0
0 0 0 0 0 0 0 0 0 0 0 0 0 0 0 0 0 0 0 0 0 0 0 0 0 0 0 0 0 0 0 0 0 0 0 0 0 0 0 0 0 0 0 0 0 0 0 0 0 0 0 0 0 0
0 0 0 0 0 0 0 0 0 0 0 0 0 0 0 3 3 3 3 3 3 3 0 0 0 0 0 0 0 0 0 0 0 0 0 0 0 0 0 0 0 0 0 0 0 0 0 0 0 0 0 0 0 0
0 0 0 0 0 0 0 0 0 0 0 0 0 0 0 3 3 3 3 3 3 3 3 0 0 0 0 0 0 0 0 0 0 0 0 0 0 0 0 0 0 0 0 0 0 0 0 0 0 0 0 0 0 0
0 0 0 0 0 0 0 0 0 0 0 0 0 0 0 3 3 1 1 1 3 3 3 3 3 0 0 0 0 0 0 0 0 0 0 0 0 0 0 0 0 0 0 0 0 0 0 0 0 0 0 0 0 0
0 0 0 0 0 0 0 0 0 0 0 0 0 0 0 3 3 1 5 1 1 3 3 3 3 3 3 0 0 0 0 0 0 0 0 0 0 0 0 0 0 0 0 0 0 0 0 0 0 0 0 0 0 0
0 0 0 0 0 0 0 0 0 0 0 0 0 0 0 3 3 1 5 5 1 1 1 3 3 3 3 0 0 0 0 0 0 0 0 0 0 0 0 0 0 0 0 0 0 0 0 0 0 0 0 0 0 0
0 0 0 0 0 0 0 0 0 0 0 0 0 0 0 3 3 1 5 5 5 5 1 1 1 3 3 0 0 0 0 0 0 0 0 0 0 0 0 0 0 0 0 0 0 0 0 0 0 0 0 0 0 0
0 0 0 0 0 0 0 0 0 0 0 0 0 0 0 3 3 1 5 5 5 5 5 5 1 3 3 0 0 0 0 0 0 0 0 0 0 0 0 0 0 0 0 0 0 0 0 0 0 0 0 0 0 0
0 0 0 0 0 0 0 0 0 0 0 0 0 0 0 3 3 1 5 5 5 5 5 5 1 3 3 3 0 0 0 0 0 0 0 0 0 0 0 0 0 0 0 0 0 0 0 0 0 0 0 0 0 0
0 0 0 0 0 0 0 0 0 0 0 0 0 0 0 3 3 1 5 5 5 5 5 5 1 3 3 3 0 0 0 0 0 0 0 0 0 0 0 0 0 0 0 0 0 0 0 0 0 0 0 0 0 0
0 0 0 0 0 0 0 0 0 0 0 0 0 0 0 3 3 1 1 5 5 5 5 5 1 1 3 3 0 0 0 0 0 0 0 0 0 0 0 0 0 0 0 0 0 0 0 0 0 0 0 0 0 0
0 0 0 0 0 0 0 0 0 0 0 0 0 0 0 3 3 3 1 1 5 5 5 5 5 1 3 3 0 0 0 0 0 0 0 0 0 0 0 0 0 0 0 0 0 0 0 0 0 0 0 0 0 0
0 0 0 0 0 0 0 0 0 0 0 0 0 0 0 3 3 3 1 1 5 5 5 5 5 1 3 3 3 0 0 0 0 0 0 0 0 0 0 0 0 0 0 0 0 0 0 0 0 0 0 0 0 0
0 0 0 0 0 0 0 0 0 0 0 0 0 0 0 3 3 3 1 1 5 5 5 5 5 1 3 3 3 0 0 0 0 0 0 0 0 0 0 0 0 0 0 0 0 0 0 0 0 0 0 0 0 0
0 0 0 0 0 0 0 0 0 0 0 0 0 0 0 3 3 1 1 5 5 5 5 5 5 1 1 3 3 0 0 0 0 0 0 0 0 0 0 0 0 0 0 0 0 0 0 0 0 0 0 0 0 0
0 0 0 0 0 0 0 0 0 0 0 0 0 0 0 3 3 1 5 5 5 5 5 5 5 5 1 3 3 3 0 0 0 0 0 0 0 0 0 0 0 0 0 0 0 0 0 0 0 0 0 0 0 0
0 0 0 0 0 0 0 0 0 0 0 0 0 0 0 3 3 1 5 5 5 5 5 5 5 5 1 3 3 3 3 0 0 0 0 0 0 0 0 0 0 0 0 0 0 0 0 0 0 0 0 0 0 0
0 0 0 0 0 0 0 0 0 0 0 0 0 0 0 3 3 1 5 5 5 5 5 5 5 5 1 1 3 3 3 3 3 0 0 0 0 0 0 0 0 0 0 0 0 0 0 0 0 0 0 0 0 0
0 0 0 0 0 0 0 0 0 0 0 0 0 0 3 3 3 1 5 5 5 5 5 5 5 5 5 1 1 3 3 3 3 3 3 0 0 0 0 0 0 0 0 0 0 0 0 0 0 0 0 0 0 0
0 0 0 0 0 0 0 0 0 0 0 0 0 0 3 3 3 1 5 5 5 5 5 5 5 5 5 5 1 1 1 3 3 3 3 3 3 3 3 3 3 0 0 0 0 0 0 0 0 0 0 0 0 0
0 0 0 0 0 0 0 0 0 0 0 0 0 0 3 3 1 1 5 5 5 5 5 5 5 5 5 5 5 5 1 1 1 3 3 3 3 3 3 3 3 3 0 0 0 0 0 0 0 0 0 0 0 0
0 0 0 0 0 0 0 0 0 0 0 0 0 0 3 3 1 1 5 5 5 5 5 5 5 5 5 5 5 5 5 5 1 1 1 1 1 1 1 3 3 3 0 0 0 0 0 0 0 0 0 0 0 0
0 0 0 0 0 0 0 0 0 0 0 0 0 0 3 3 1 5 5 5 5 5 5 5 5 5 5 5 5 5 5 5 5 5 5 5 5 5 1 1 3 3 3 0 0 0 0 0 0 0 0 0 0 0
0 0 0 0 0 0 0 0 0 0 0 0 0 0 3 3 1 5 5 5 5 5 5 5 5 5 5 5 5 5 5 5 5 5 5 5 5 5 5 1 3 3 3 3 0 0 0 0 0 0 0 0 0 0
0 0 0 0 0 0 0 0 0 0 0 0 0 0 3 3 1 1 5 5 5 5 5 5 5 5 5 5 5 5 5 5 5 5 5 5 5 5 5 1 1 3 3 3 0 0 0 0 0 0 0 0 0 0
0 0 0 0 0 0 0 0 0 0 0 0 0 0 3 3 1 1 5 5 5 5 5 5 5 5 5 5 5 5 5 5 5 5 5 5 5 5 5 5 1 1 3 3 3 0 0 0 0 0 0 0 0 0
0 0 0 0 0 0 0 0 0 0 0 0 0 0 3 3 1 5 5 5 5 5 5 5 5 5 5 5 5 5 5 5 5 5 5 5 5 5 5 5 5 1 3 3 3 0 0 0 0 0 0 0 0 0
0 0 0 0 0 0 0 0 0 0 0 0 0 0 3 3 1 5 5 5 5 5 5 5 5 5 5 5 5 1 1 1 1 5 5 5 5 5 5 5 5 1 1 3 3 0 0 0 0 0 0 0 0 0
0 0 0 0 0 0 0 0 0 0 0 0 0 3 3 3 1 5 5 5 5 5 5 5 5 5 5 5 1 1 1 1 1 1 1 5 5 5 5 5 5 5 1 3 3 3 0 0 0 0 0 0 0 0
0 0 0 0 0 0 0 0 0 0 0 0 3 3 3 3 1 1 5 5 5 5 5 5 5 5 5 5 1 1 1 1 1 1 1 1 5 5 5 5 5 5 1 3 3 3 0 0 0 0 0 0 0 0
0 0 0 0 0 0 0 0 3 3 3 3 3 3 3 1 1 1 5 5 5 5 5 5 5 5 5 1 1 1 3 3 3 1 1 1 5 5 5 5 5 5 1 1 3 3 3 3 0 0 0 0 0 0
0 0 0 0 0 0 3 3 3 3 3 3 3 3 1 1 1 5 5 5 5 5 5 5 5 5 5 1 1 1 3 3 3 1 1 1 5 5 5 5 5 5 5 1 3 3 3 3 3 3 0 0 0 0
0 0 0 0 0 3 3 3 3 3 1 1 1 1 1 5 5 5 5 5 5 5 5 5 5 5 1 1 1 1 1 1 1 1 1 1 5 5 5 5 5 5 5 1 1 1 3 3 3 3 3 0 0 0
0 0 0 0 0 3 3 3 1 1 1 5 5 5 5 5 5 5 5 5 5 5 5 5 5 5 1 1 1 1 1 1 1 1 1 5 5 5 5 5 5 5 5 5 5 1 1 1 3 3 3 3 0 0
0 0 0 0 3 3 3 1 1 5 5 5 5 5 5 5 5 5 5 5 5 5 5 5 5 5 1 1 1 1 1 1 5 5 5 5 5 5 5 5 5 5 5 5 5 5 5 1 1 3 3 3 0 0
0 0 0 0 3 3 3 1 5 5 5 5 5 5 5 5 5 5 1 1 1 5 5 5 5 5 5 1 1 1 5 5 5 5 5 5 5 5 5 5 5 5 5 5 5 5 5 5 1 1 3 3 3 0
0 0 0 0 3 3 1 1 5 5 5 5 5 5 5 5 1 1 1 1 1 5 5 5 5 5 5 5 5 5 5 5 5 5 5 5 5 5 5 5 5 5 5 5 5 5 5 5 5 1 3 3 3 0
0 0 0 0 3 3 1 5 5 5 5 5 5 1 1 1 1 1 1 1 5 5 5 5 5 5 5 5 5 5 5 5 5 5 5 5 5 5 5 5 5 5 5 5 5 5 5 5 5 1 1 3 3 0
0 0 0 0 3 3 1 5 5 5 5 5 1 1 3 3 3 1 1 5 5 5 5 5 5 5 5 5 5 5 5 5 1 1 1 1 5 5 5 5 5 5 5 5 5 5 5 5 5 5 1 3 3 0
0 0 0 0 3 3 1 5 5 5 5 5 1 3 3 3 3 1 1 5 5 5 5 5 5 5 5 5 5 1 1 1 1 1 1 1 1 5 5 5 5 5 5 5 5 5 5 5 5 5 1 3 3 0
0 0 0 3 3 3 1 5 5 5 5 5 1 3 3 3 3 1 1 5 5 5 5 5 5 5 5 1 1 1 1 1 1 1 1 1 1 5 5 5 5 5 5 5 5 5 5 5 5 5 1 3 3 0
0 0 0 3 3 3 1 5 5 5 5 5 1 3 3 3 3 1 1 5 5 5 5 5 5 1 1 1 1 1 3 3 3 1 1 1 5 5 5 5 5 5 1 1 5 5 5 5 5 5 1 3 3 0
0 0 3 3 3 1 1 5 5 5 5 1 1 3 3 3 3 1 5 5 5 5 5 1 1 1 1 1 3 3 3 3 3 3 1 1 5 5 5 5 5 1 1 1 1 5 5 5 5 5 1 3 3 0
0 3 3 3 3 1 5 5 5 5 1 1 3 3 3 3 3 1 5 5 5 5 5 1 1 1 1 3 3 3 3 3 3 3 1 1 5 5 5 5 5 1 1 1 1 1 1 2 1 1 1 3 3 0
0 3 3 3 1 1 5 5 5 5 1 3 3 3 3 3 3 1 1 5 5 5 5 5 1 1 1 3 3 3 3 3 3 3 1 1 5 5 5 5 5 1 1 1 1 6 6 6 6 6 1 3 3 0
0 3 3 1 1 5 5 5 5 5 1 3 3 3 3 3 3 3 1 5 5 5 5 5 5 5 1 1 3 3 3 3 3 1 1 1 5 5 5 5 5 1 1 1 6 6 6 6 6 6 6 3 3 0
0 3 3 1 5 5 5 5 5 1 1 3 3 0 0 3 3 3 1 1 5 5 5 5 5 5 1 1 1 1 1 1 1 1 1 1 5 5 5 5 1 1 1 1 6 6 6 6 6 6 6 3 3 0
0 3 3 1 5 5 5 5 5 1 1 3 3 3 3 0 3 3 3 1 5 5 5 5 5 5 5 1 1 1 1 1 1 1 1 5 5 5 5 1 1 3 3 3 6 6 6 6 6 6 3 3 3 0
0 3 3 1 1 5 5 5 5 1 1 3 3 3 3 3 3 3 3 1 1 5 5 5 5 5 5 5 5 5 5 5 5 5 5 5 5 5 5 1 3 3 3 3 3 6 6 6 6 6 3 3 3 0
0 3 3 3 1 5 5 5 5 5 1 1 1 3 3 3 3 3 3 1 1 1 1 5 5 5 5 5 5 5 5 5 5 5 5 5 5 5 5 1 3 3 3 3 3 3 6 6 6 3 3 3 0 0
0 3 3 3 1 5 5 5 5 5 5 5 1 1 1 3 3 3 1 1 1 1 1 1 1 5 5 5 5 5 5 5 5 5 5 5 5 5 1 1 3 3 0 3 3 3 3 3 3 3 3 3 0 0
0 0 3 3 1 1 5 5 5 5 5 5 5 5 1 1 1 1 1 1 1 1 1 1 1 1 1 1 1 1 1 1 1 1 1 1 1 1 1 3 3 3 0 0 3 3 3 3 3 3 3 0 0 0
0 0 3 3 3 1 1 5 5 5 5 5 5 5 5 5 1 1 1 1 1 1 1 1 1 3 3 3 3 3 3 3 3 3 3 3 3 3 3 3 3 3 0 0 0 0 0 0 0 0 0 0 0 0
0 0 3 3 3 3 1 1 5 5 5 5 5 5 5 5 5 5 5 1 1 1 1 1 3 3 3 3 3 3 3 3 3 3 3 3 3 3 3 3 3 0 0 0 0 0 0 0 0 0 0 0 0 0
0 0 0 3 3 3 3 1 1 5 5 5 5 5 5 5 5 5 5 5 1 1 1 3 3 3 3 0 0 0 0 0 0 0 0 0 0 0 0 0 0 0 0 0 0 0 0 0 0 0 0 0 0 0
0 0 0 0 3 3 3 3 1 1 1 5 5 5 5 5 5 5 5 5 5 1 1 3 3 3 0 0 0 0 0 0 0 0 0 0 0 0 0 0 0 0 0 0 0 0 0 0 0 0 0 0 0 0
0 0 0 0 0 3 3 3 3 3 1 1 1 1 5 5 5 5 5 5 5 5 1 3 3 0 0 0 0 0 0 0 0 0 0 0 0 0 0 0 0 0 0 0 0 0 0 0 0 0 0 0 0 0
0 0 0 0 0 0 3 3 3 3 3 3 3 1 1 1 1 5 5 5 5 1 1 3 3 0 0 0 0 0 0 0 0 0 0 0 0 0 0 0 0 0 0 0 0 0 0 0 0 0 0 0 0 0
0 0 0 0 0 0 0 0 3 3 3 3 3 3 3 3 1 1 1 1 1 1 3 3 3 0 0 0 0 0 0 0 0 0 0 0 0 0 0 0 0 0 0 0 0 0 0 0 0 0 0 0 0 0
0 0 0 0 0 0 0 0 0 0 0 3 3 3 3 3 3 3 3 3 3 3 3 3 3 0 0 0 0 0 0 0 0 0 0 0 0 0 0 0 0 0 0 0 0 0 0 0 0 0 0 0 0 0
0 0 0 0 0 0 0 0 0 0 0 0 0 0 3 3 3 3 3 3 3 3 3 3 0 0 0 0 0 0 0 0 0 0 0 0 0 0 0 0 0 0 0 0 0 0 0 0 0 0 0 0 0 0
0 0 0 0 0 0 0 0 0 0 0 0 0 0 0 0 0 0 0 0 0 0 0 0 0 0 0 0 0 0 0 0 0 0 0 0 0 0 0 0 0 0 0 0 0 0 0 0 0 0 0 0 0 0
1
3
0 44 43
1 15 23
1 57 17
11
3 46 24
5 42 36
5 34 35
5 36 26
5 36 8
5 47 4
5 23 17
5 23 37
5 36 47
5 5 18
5 56 20