40 64
0 0 0 0 0 0 0 0 0 0 0 0 0 0 0 0 0 0 0 0 0 0 0 0 0 0 0 0 0 0 0 0 0 0 0 0 0 0 0 0 0 0 0 0 0 0 0 0 0 0 0 0 0 0 0 0 0 0 0 0 0 0 0 0
0 0 0 0 0 0 0 0 0 0 0 0 0 0 0 0 0 0 0 0 0 0 0 0 0 3 3 3 3 3 3 3 3 3 3 0 0 0 0 0 0 0 0 0 0 0 0 0 0 3 3 3 3 0 0 0 3 3 3 3 3 3 0 0
0 0 0 0 0 0 0 0 0 0 0 0 0 0 0 0 0 0 0 0 0 3 3 3 3 3 3 3 3 3 3 3 3 3 3 3 3 3 3 0 0 0 0 0 0 0 3 3 3 3 3 3 3 3 3 3 3 3 3 3 3 3 3 0
0 0 0 0 0 0 0 0 0 0 0 0 0 0 0 3 3 3 3 3 3 3 3 3 3 3 3 3 1 1 1 1 3 3 3 3 3 3 3 3 3 3 3 3 3 3 3 3 3 3 3 3 3 3 3 3 3 3 3 3 3 3 3 0
0 0 0 0 0 0 0 0 0 0 0 3 3 3 3 3 3 3 3 3 3 3 3 1 1 1 1 1 1 5 5 1 1 1 1 1 1 3 3 3 3 3 3 3 3 3 3 3 3 1 1 1 1 1 3 3 3 3 3 3 3 3 3 0
0 0 0 0 0 0 0 0 0 3 3 3 3 3 3 3 3 3 3 6 6 6 6 6 1 1 1 5 5 5 5 5 5 1 1 1 1 3 3 3 3 3 6 6 3 3 3 3 3 3 1 1 1 1 1 3 3 3 3 3 3 3 3 0
0 0 0 0 0 0 0 0 0 3 3 3 3 3 6 6 6 6 6 6 6 6 6 6 1 1 5 5 5 5 5 5 5 5 1 1 1 1 1 3 3 6 6 6 6 3 3 3 3 3 1 1 6 6 1 1 1 3 3 3 3 3 0 0
0 0 0 0 0 0 0 0 0 3 3 3 3 6 6 6 6 6 6 6 6 6 6 6 1 1 5 5 5 5 5 5 5 5 1 1 6 6 6 6 6 6 6 6 6 3 3 3 3 3 3 1 6 6 6 1 1 3 3 3 3 3 0 0
0 0 0 0 0 0 0 0 3 3 3 3 6 6 6 6 6 6 6 6 6 6 6 6 1 1 5 5 5 5 5 5 5 1 1 1 6 6 6 6 6 6 6 6 6 6 6 1 3 3 3 1 6 6 6 1 3 3 3 0 0 0 0 0
0 0 0 0 0 0 0 0 3 3 3 3 6 6 6 6 6 6 6 6 6 6 6 6 1 1 5 5 5 5 5 5 1 1 1 6 6 6 6 6 6 6 6 6 6 6 6 1 1 1 1 1 6 6 6 1 3 3 3 0 0 0 0 0
0 0 0 0 0 0 0 0 3 3 3 6 6 6 6 6 6 3 3 6 6 6 6 6 1 1 1 5 5 5 5 1 1 1 1 6 6 6 6 6 6 6 6 6 6 6 1 1 1 1 1 6 6 6 6 1 3 3 0 0 0 0 0 0
0 0 0 0 0 0 0 0 3 3 3 6 6 6 6 6 6 3 3 6 6 6 6 6 6 1 1 1 1 1 1 1 1 6 6 6 6 6 6 6 6 6 1 1 4 1 1 1 1 1 6 6 6 6 1 3 3 3 0 0 0 0 0 0
0 0 0 0 0 0 0 0 3 3 3 6 6 6 6 6 6 6 6 6 6 6 6 6 6 6 1 1 1 1 1 1 6 6 6 6 6 6 6 6 6 6 1 5 5 5 1 1 1 1 6 6 6 1 3 3 3 3 0 0 0 0 0 0
0 0 0 0 0 0 0 0 3 3 6 6 6 6 6 6 6 6 6 6 6 6 6 6 6 6 6 6 6 6 6 6 6 6 6 6 6 6 6 6 6 6 1 5 5 5 5 1 1 6 6 6 6 1 3 3 3 3 3 0 0 0 0 0
0 0 0 0 0 0 0 0 3 3 6 6 6 6 6 6 6 6 6 6 6 6 6 6 6 6 6 6 6 6 6 6 6 6 6 6 6 6 6 6 6 6 1 5 5 5 5 5 1 6 6 6 6 1 1 1 3 3 3 0 0 0 0 0
0 0 0 0 0 3 3 3 3 3 6 6 6 6 6 6 6 1 1 6 6 6 6 6 6 6 6 6 6 6 6 6 6 6 6 6 6 6 6 6 6 6 1 1 5 5 5 5 1 1 1 2 1 1 1 1 1 3 3 0 0 0 0 0
0 0 0 0 0 3 3 3 3 3 1 6 6 6 6 6 1 1 1 1 1 1 6 6 6 6 6 6 6 6 3 3 3 3 6 6 6 6 6 6 6 6 6 1 1 5 5 5 5 5 5 5 5 5 5 5 1 3 3 0 0 0 0 0
0 0 0 0 3 3 3 3 1 1 1 1 1 1 2 1 1 1 5 5 5 1 1 1 6 6 6 6 6 1 3 3 3 3 3 6 6 6 6 6 6 6 6 1 1 1 5 5 5 5 5 5 5 5 5 1 1 3 3 0 0 0 0 0
0 0 0 0 3 3 3 3 1 1 1 5 5 5 5 5 5 5 5 5 5 5 5 1 1 1 1 1 1 1 1 3 3 3 3 6 6 6 6 6 6 6 6 1 1 1 5 5 5 5 5 5 5 5 5 1 1 3 3 0 0 0 0 0
0 0 0 3 3 3 3 1 1 1 5 5 5 5 5 5 5 5 5 5 5 5 5 5 5 1 1 1 1 1 1 1 3 3 6 6 6 6 6 6 6 6 6 1 1 1 5 5 5 5 5 5 5 1 1 1 1 3 3 0 0 0 0 0
0 0 0 3 3 3 3 1 1 1 5 5 5 5 5 5 5 5 5 5 5 5 5 5 5 5 5 1 1 1 1 1 1 1 6 6 6 6 6 6 6 1 1 1 5 5 5 5 5 5 1 1 1 1 1 1 1 3 3 0 0 0 0 0
0 0 0 3 3 3 1 1 1 1 5 5 5 5 5 5 1 1 1 1 5 5 5 5 5 5 5 5 5 5 1 1 1 1 1 6 6 6 6 1 1 1 5 5 5 5 5 5 5 1 1 1 1 6 6 6 1 3 3 0 0 0 0 0
0 0 0 3 3 3 1 1 1 5 5 5 5 5 5 1 1 1 1 1 1 5 5 5 5 5 5 5 5 5 5 5 5 1 1 1 4 1 1 1 5 5 5 5 5 5 5 5 5 1 1 1 6 6 6 6 6 3 3 0 0 0 0 0
0 0 0 3 3 1 1 1 1 5 5 5 5 5 1 1 1 1 1 1 1 1 5 5 5 5 5 5 5 5 5 5 5 5 5 5 5 5 5 5 5 5 5 5 5 5 5 5 1 1 1 6 6 6 6 6 6 3 3 0 0 0 0 0
0 0 0 3 3 1 1 1 5 5 5 5 5 5 1 1 1 1 1 1 1 1 1 5 5 5 5 5 5 5 5 5 5 5 5 5 5 5 5 5 5 5 5 5 5 5 5 5 1 1 6 6 6 6 6 6 3 3 3 0 0 0 0 0
0 0 0 3 3 1 1 1 5 5 5 5 5 1 1 1 1 1 1 1 1 1 1 1 5 5 5 5 5 5 5 5 5 5 5 5 5 5 5 5 5 5 5 5 5 5 5 1 1 6 6 6 6 6 6 3 3 3 3 0 0 0 0 0
0 0 3 3 3 1 1 5 5 5 5 5 1 1 6 6 1 1 1 1 1 6 6 1 1 1 5 5 5 5 5 5 5 5 5 5 5 5 5 5 5 5 5 5 5 5 5 1 1 6 6 6 6 6 6 3 3 3 3 0 0 0 0 0
0 0 3 3 3 1 1 5 5 5 5 5 1 6 6 6 6 3 3 3 6 6 6 6 6 1 1 1 5 5 5 5 5 5 5 5 5 5 5 5 5 5 5 5 5 5 1 1 6 6 6 6 6 6 3 3 3 3 3 0 0 0 0 0
0 3 3 3 1 1 5 5 5 5 5 5 1 6 6 6 3 3 3 3 6 6 6 6 6 6 6 1 1 1 1 1 1 1 1 1 2 1 1 1 5 5 5 5 5 5 1 6 6 6 6 6 6 3 3 3 3 0 0 0 0 0 0 0
0 3 3 1 1 5 5 5 5 5 5 1 1 6 6 6 3 3 3 6 6 6 6 6 6 6 6 1 1 1 1 1 1 1 1 1 1 1 1 1 1 5 5 5 5 1 1 6 6 6 6 6 3 3 3 3 3 0 0 0 0 0 0 0
0 3 3 1 5 5 5 5 5 5 5 1 1 6 6 1 6 6 6 6 6 6 6 6 6 6 6 1 1 1 1 1 1 1 1 1 1 1 1 1 1 5 5 5 5 1 6 6 6 6 6 6 3 3 3 3 0 0 0 0 0 0 0 0
0 3 3 1 5 5 5 5 5 5 5 1 1 1 1 6 6 6 6 6 6 6 6 6 6 6 1 1 1 3 3 3 3 3 3 3 1 1 1 1 1 5 5 5 1 1 6 6 6 6 6 6 1 3 3 0 0 0 0 0 0 0 0 0
0 3 3 1 1 5 5 5 5 5 5 5 5 5 1 6 6 6 6 6 6 6 6 6 3 3 3 3 3 3 3 3 3 3 3 3 3 3 1 1 1 1 5 5 1 1 6 6 6 6 6 1 1 3 3 0 0 0 0 0 0 0 0 0
0 3 3 1 1 1 1 5 5 5 5 5 5 5 1 6 6 6 6 6 6 6 3 3 3 3 3 3 3 3 3 3 3 3 3 3 3 3 1 1 1 1 1 1 1 1 1 6 6 3 3 3 3 3 3 0 0 0 0 0 0 0 0 0
0 3 3 3 3 3 1 1 1 5 5 5 5 5 1 1 6 6 6 6 3 3 3 3 3 3 3 3 3 3 3 3 3 3 0 3 3 3 1 1 1 1 1 1 1 1 1 1 3 3 3 3 3 3 3 0 0 0 0 0 0 0 0 0
0 0 3 3 3 3 3 3 1 1 1 1 1 1 1 1 1 3 3 3 3 3 3 3 3 3 3 3 3 3 0 0 0 0 0 0 3 3 3 1 1 1 1 1 1 1 1 3 3 3 3 3 0 0 0 0 0 0 0 0 0 0 0 0
0 0 0 0 0 3 3 3 3 3 3 3 3 3 3 3 3 3 3 3 3 3 3 3 3 0 0 0 0 0 0 0 0 0 0 0 0 3 3 3 1 1 1 1 1 1 3 3 3 3 3 0 0 0 0 0 0 0 0 0 0 0 0 0
0 0 0 0 0 3 3 3 3 3 3 3 3 3 3 3 3 3 3 3 3 3 3 0 0 0 0 0 0 0 0 0 0 0 0 0 0 0 3 3 3 3 3 3 3 3 3 3 3 3 0 0 0 0 0 0 0 0 0 0 0 0 0 0
0 0 0 0 0 0 0 0 0 0 0 0 0 0 0 0 0 0 0 0 0 0 0 0 0 0 0 0 0 0 0 0 0 0 0 0 0 0 3 3 3 3 3 3 3 3 3 3 0 0 0 0 0 0 0 0 0 0 0 0 0 0 0 0
0 0 0 0 0 0 0 0 0 0 0 0 0 0 0 0 0 0 0 0 0 0 0 0 0 0 0 0 0 0 0 0 0 0 0 0 0 0 0 0 0 0 0 0 0 0 0 0 0 0 0 0 0 0 0 0 0 0 0 0 0 0 0 0
1
3
0 4 51
1 25 17
1 24 52
12
5 17 56
5 35 45
5 34 16
5 20 26
5 20 44
5 31 43
5 13 46
5 9 11
5 4 19
5 18 34
5 17 30
6 4 42