67 60
0 0 0 0 0 0 0 0 0 0 0 0 0 0 0 0 0 0 0 0 0 0 0 0 0 0 0 0 0 0 0 0 0 0 0 0 0 0 0 0 0 0 0 0 0 0 0 0 0 0 0 0 0 0 0 0 0 0 0 0
0 0 0 0 0 0 0 0 0 0 0 0 0 0 0 0 0 0 0 0 0 0 0 0 0 0 0 0 0 0 0 0 0 0 0 0 0 0 0 0 0 0 0 0 0 0 0 0 3 3 3 3 3 3 0 0 0 0 0 0
0 0 0 0 0 0 0 0 0 0 0 0 0 0 0 0 0 0 0 0 0 0 0 0 0 0 0 0 0 0 0 0 0 0 0 0 0 0 0 0 0 0 0 0 0 0 0 3 3 3 3 3 3 3 3 0 0 0 0 0
0 0 0 0 0 0 0 0 0 0 0 0 0 0 0 0 0 0 0 0 0 0 0 0 0 0 0 0 0 0 0 0 0 0 0 0 0 0 0 0 0 0 0 0 0 0 3 3 3 3 1 1 3 3 3 3 0 0 0 0
0 0 0 0 0 0 0 0 0 0 0 0 0 0 0 0 0 0 0 0 0 0 0 0 0 0 0 0 0 0 0 0 0 0 0 0 0 0 0 0 0 0 0 0 0 0 3 3 3 1 1 1 1 3 3 3 0 0 0 0
0 0 0 0 0 0 0 0 0 0 0 0 0 0 0 0 0 0 0 0 0 0 0 0 0 0 0 0 0 0 0 0 0 0 0 0 0 0 0 0 0 0 0 0 0 3 3 3 1 1 1 1 1 1 3 3 0 0 0 0
0 0 0 0 0 0 0 0 0 0 0 0 0 0 0 0 0 0 0 0 0 0 0 0 0 0 0 0 0 0 0 0 0 0 0 0 0 0 0 0 0 0 0 0 0 3 3 3 1 1 1 1 1 1 3 3 0 0 0 0
0 0 0 0 0 0 0 0 0 0 0 0 0 0 0 0 0 0 0 0 0 0 0 0 0 0 0 0 0 0 0 0 0 0 0 0 0 0 0 0 0 0 0 0 0 3 3 3 1 1 1 1 1 1 3 3 0 0 0 0
0 0 0 0 0 0 0 0 0 0 0 0 0 0 0 0 0 0 0 0 0 0 0 0 0 0 0 0 0 0 0 0 0 0 0 0 0 0 0 0 0 0 0 0 3 3 3 3 1 1 1 1 1 1 3 3 0 0 0 0
0 0 0 0 0 0 0 0 0 0 0 0 0 0 0 0 0 0 0 0 0 0 0 0 0 0 0 0 0 0 0 0 0 0 0 0 0 0 0 0 0 0 3 3 3 3 3 3 3 1 1 1 1 1 3 3 0 0 0 0
0 0 0 0 0 0 0 0 0 0 0 0 0 0 0 0 0 0 0 0 0 0 3 3 3 3 3 3 3 3 3 3 0 0 0 0 0 0 0 0 0 3 3 3 3 3 3 3 3 1 1 2 1 1 3 3 3 0 0 0
0 0 0 0 0 0 0 0 0 0 0 0 0 0 0 0 0 0 0 0 3 3 3 3 3 3 3 3 3 3 3 3 3 0 0 0 0 0 0 0 0 3 3 3 3 3 3 3 3 1 5 5 5 1 3 3 3 0 0 0
0 0 0 0 0 0 0 0 0 0 0 0 0 0 0 0 0 0 3 3 3 3 3 3 1 1 1 1 1 1 3 3 3 3 3 0 0 0 0 0 3 3 3 3 3 3 3 3 3 1 5 5 5 1 1 3 3 3 0 0
0 0 0 0 0 0 0 0 0 0 0 0 0 0 0 0 3 3 3 3 3 3 1 1 1 5 5 5 5 1 1 3 3 3 3 3 0 0 0 3 3 3 3 3 3 3 3 3 3 1 5 5 5 5 1 3 3 3 3 0
0 0 0 0 0 0 0 0 0 0 0 0 0 0 3 3 3 3 3 3 1 1 1 5 5 5 5 5 5 5 1 1 1 3 3 3 3 3 3 3 3 3 3 3 3 3 3 3 3 1 5 5 5 5 1 1 3 3 3 0
0 0 0 0 0 0 0 0 0 0 0 0 0 0 3 3 3 3 1 1 1 5 5 5 5 5 5 5 5 5 5 5 1 3 3 3 3 3 3 3 3 3 3 3 3 3 3 3 3 1 5 5 5 5 5 1 1 3 3 0
0 0 0 0 0 0 0 0 0 0 0 0 0 0 3 3 1 1 1 5 5 5 5 5 5 5 5 5 5 5 5 5 1 1 3 3 3 3 3 3 3 3 3 3 3 3 3 3 3 1 5 5 5 5 5 5 1 3 3 0
0 0 0 0 0 0 0 0 0 0 0 0 0 0 3 3 1 5 5 5 5 5 5 5 5 5 5 5 5 5 5 5 5 1 1 3 3 3 3 3 3 3 3 3 3 3 3 3 1 1 5 5 5 5 5 5 1 3 3 0
0 0 0 0 0 0 0 0 0 0 0 0 0 3 3 3 1 1 5 5 5 5 5 5 5 5 5 5 5 5 5 5 5 5 1 3 3 3 3 3 3 3 3 3 3 3 3 3 1 1 5 5 5 5 5 5 1 3 3 0
0 0 0 0 0 0 0 0 0 0 0 0 3 3 3 3 1 1 5 5 5 5 5 5 5 5 5 5 5 5 5 5 5 5 1 1 3 3 3 3 3 3 3 3 3 3 3 1 1 5 5 5 5 5 5 5 1 3 3 0
0 0 0 0 0 0 0 0 0 0 0 0 3 3 3 1 1 5 5 5 5 5 5 5 5 5 5 5 1 1 1 5 5 5 5 1 1 3 3 3 3 3 3 3 3 3 1 1 5 5 5 5 5 5 5 5 1 3 3 0
0 0 0 0 0 0 0 0 0 0 0 0 3 3 3 1 1 5 5 5 5 5 5 5 5 1 1 1 1 1 1 1 5 5 5 5 1 3 3 3 3 3 3 3 3 3 1 1 5 5 5 5 5 5 5 1 1 3 3 0
0 0 0 0 0 0 0 0 0 0 0 0 3 3 1 1 5 5 5 5 5 5 5 5 1 1 3 3 3 3 3 1 5 5 5 5 1 1 3 3 3 3 3 3 3 1 1 5 5 5 5 1 1 1 1 1 3 3 3 0
0 0 0 0 0 0 0 0 0 0 0 0 3 3 1 5 5 5 5 5 5 5 5 5 1 3 3 3 3 3 3 1 1 5 5 5 5 1 3 3 3 3 3 3 3 1 1 5 5 5 5 1 3 3 3 3 3 3 3 0
0 0 0 0 0 0 0 3 3 3 3 3 3 3 1 5 5 5 5 5 5 5 5 1 1 3 3 3 0 3 3 3 1 5 5 5 5 1 1 3 3 3 3 3 1 1 5 5 5 5 1 1 3 3 3 3 3 3 0 0
0 0 0 0 0 3 3 3 3 3 3 3 3 3 1 5 5 5 5 5 5 1 1 1 3 3 3 0 0 3 3 3 1 1 5 5 5 5 1 1 3 3 3 1 1 1 5 5 5 1 1 3 3 3 0 0 0 0 0 0
0 0 0 0 0 3 3 3 3 1 1 1 1 1 1 1 1 1 2 1 1 1 3 3 3 3 0 0 0 0 3 3 3 1 5 5 5 5 1 1 1 1 1 1 1 5 5 5 5 1 3 3 3 3 0 0 0 0 0 0
0 0 0 0 0 3 3 1 1 1 5 5 5 1 1 1 6 6 6 6 1 3 3 3 3 3 0 0 0 0 3 3 3 1 1 5 5 5 5 1 1 1 1 5 5 5 5 5 1 1 3 3 3 0 0 0 0 0 0 0
0 0 0 0 0 3 3 1 5 5 5 5 5 5 1 6 6 6 6 6 6 3 3 3 0 0 0 0 0 0 0 3 3 3 1 5 5 5 5 1 1 1 5 5 5 5 5 5 1 3 3 3 0 0 0 0 0 0 0 0
0 0 0 0 0 3 3 1 5 5 5 5 5 5 1 6 6 6 6 6 6 3 3 0 0 0 0 0 0 0 0 3 3 3 1 1 5 5 5 5 1 1 5 5 5 5 5 1 1 3 3 3 0 0 0 0 0 0 0 0
0 0 0 0 0 3 3 1 5 5 5 5 5 5 2 6 6 6 6 6 6 3 3 0 0 0 0 0 0 0 0 0 3 3 3 1 5 5 5 5 5 5 5 5 5 5 1 1 3 3 3 0 0 0 0 0 0 0 0 0
0 0 0 0 0 3 3 3 1 1 5 5 5 5 1 6 6 6 6 6 6 3 3 0 0 0 0 0 0 0 0 0 3 3 3 1 5 5 5 5 5 5 5 5 5 1 1 3 3 3 3 0 0 0 0 0 0 0 0 0
0 0 0 0 0 3 3 3 3 1 1 5 5 5 1 6 6 6 6 6 3 3 3 0 0 0 0 0 0 0 0 0 0 3 3 1 1 5 5 5 5 5 5 5 5 1 1 3 3 3 3 3 0 0 0 0 0 0 0 0
0 0 0 0 0 0 3 3 3 1 1 5 5 5 1 1 6 6 6 3 3 3 3 0 3 3 3 3 3 3 3 3 3 3 3 1 1 5 5 5 5 5 5 5 5 1 1 3 3 3 3 3 3 3 0 0 0 0 0 0
0 0 0 0 0 0 0 3 3 1 5 5 5 1 1 3 3 3 3 3 3 3 3 3 3 3 3 3 3 3 3 3 3 3 3 1 1 5 5 5 5 5 5 5 5 1 1 6 6 6 3 3 3 3 3 0 0 0 0 0
0 0 0 0 0 0 0 3 3 1 5 5 5 1 3 3 3 3 3 3 3 3 3 3 3 3 1 1 1 1 1 1 1 1 1 1 5 5 5 5 5 5 5 5 1 1 6 6 6 6 6 6 3 3 3 3 0 0 0 0
0 0 0 0 0 0 0 3 3 1 5 5 5 1 3 3 3 3 3 3 3 1 1 1 1 1 1 5 5 5 5 5 1 1 1 5 5 5 5 5 5 5 5 5 1 1 6 6 6 6 6 6 6 3 3 3 3 0 0 0
0 0 0 0 0 0 0 3 3 1 5 5 5 1 3 3 3 3 3 3 3 1 5 5 5 5 5 5 5 5 5 5 5 5 5 5 5 5 5 5 5 5 5 5 2 1 6 6 6 6 6 6 6 6 3 3 3 0 0 0
0 0 0 0 0 0 0 3 3 1 5 5 5 1 1 3 3 3 3 3 3 1 1 5 5 5 5 5 5 5 5 5 5 5 5 5 5 5 5 5 5 5 5 5 1 1 6 6 6 6 6 6 6 6 6 3 3 3 0 0
0 0 0 0 0 0 0 3 3 1 5 5 5 5 1 3 3 3 3 3 3 3 1 5 5 5 5 5 5 5 5 5 5 5 5 5 5 5 5 5 5 5 5 5 1 1 6 6 6 6 6 6 6 6 6 3 3 3 0 0
0 0 0 0 0 0 3 3 3 1 5 5 5 5 1 1 3 3 3 3 3 3 1 1 5 5 5 5 5 5 5 5 5 5 5 5 5 5 5 5 5 5 5 5 5 1 1 6 6 6 6 6 6 6 6 6 3 3 3 0
0 0 0 0 0 3 3 3 3 1 1 5 5 5 5 1 3 3 3 3 3 3 1 1 5 5 5 5 5 5 5 5 5 5 5 5 5 5 5 5 5 5 5 5 5 5 1 6 6 6 6 6 6 6 6 6 3 3 3 0
0 0 0 0 3 3 3 3 3 1 1 5 5 5 5 1 3 3 3 3 3 1 1 5 5 5 5 5 5 5 5 5 5 5 5 5 5 5 5 5 5 5 5 5 5 5 1 6 6 6 3 3 6 6 6 6 6 3 3 0
0 0 3 3 3 3 3 1 1 1 5 5 5 5 5 1 3 3 3 3 3 1 5 5 5 5 5 5 5 5 1 1 1 1 1 1 1 5 5 5 5 5 5 5 5 5 1 1 6 6 3 3 3 3 6 6 6 3 3 0
0 3 3 3 3 3 1 1 5 5 5 5 5 5 1 1 3 3 3 3 3 1 5 5 5 5 5 5 5 1 1 3 3 3 3 3 1 1 1 1 5 5 5 5 5 5 1 1 6 6 3 3 3 3 6 6 6 3 3 0
0 3 3 3 1 1 1 5 5 5 5 5 5 1 1 3 3 3 3 3 3 1 5 5 5 5 5 5 1 1 3 3 3 3 3 3 3 3 3 1 1 5 5 5 5 5 1 1 6 6 6 3 3 3 6 6 6 3 3 0
0 3 3 1 1 5 5 5 5 5 5 5 1 1 3 3 3 3 3 3 3 1 5 5 5 5 5 1 1 3 3 3 3 0 3 3 3 3 3 1 1 5 5 5 5 1 1 1 6 6 6 6 3 3 6 6 6 3 3 0
0 3 3 1 5 5 5 5 5 5 1 1 1 1 3 3 3 3 3 3 3 1 1 5 5 5 1 1 3 3 3 3 0 0 0 0 3 3 3 1 5 5 5 5 1 1 1 6 6 6 6 6 6 6 6 6 6 3 3 0
0 3 3 1 5 5 5 5 5 1 1 1 1 3 3 3 3 3 3 3 3 1 1 1 1 1 1 3 3 3 3 0 0 0 0 0 3 3 1 1 5 5 5 5 1 1 1 6 6 6 6 6 6 6 6 6 6 3 3 0
0 3 3 1 5 5 5 5 1 1 1 1 1 3 3 3 3 3 3 3 3 3 1 1 1 1 1 3 3 3 3 0 0 0 0 3 3 3 1 5 5 5 5 1 1 1 1 6 6 6 6 6 6 6 6 6 3 3 3 0
0 3 3 1 5 5 5 1 1 1 1 1 1 1 1 3 3 3 3 3 3 3 1 1 5 5 1 1 3 3 3 3 0 0 0 3 3 3 1 5 5 5 5 1 1 1 1 1 6 6 6 6 6 6 6 6 3 3 3 0
0 3 3 1 5 5 5 1 1 1 1 1 1 5 1 1 1 1 3 3 3 3 1 1 5 5 5 1 1 3 3 3 3 0 0 3 3 1 1 5 5 5 1 1 1 1 1 1 6 6 6 6 6 6 6 3 3 3 3 0
0 3 3 1 5 5 5 5 5 1 1 1 5 5 5 5 5 1 1 3 3 1 1 5 5 5 5 5 1 1 3 3 3 3 3 3 3 1 5 5 5 5 1 1 1 1 1 1 1 6 6 6 6 6 1 3 3 3 3 0
0 3 3 1 5 5 5 5 5 5 5 5 5 5 5 5 5 5 1 1 1 1 1 5 5 5 5 5 5 1 1 3 3 3 3 3 3 1 5 5 5 5 1 1 1 1 1 1 1 1 4 1 1 1 3 3 3 3 3 0
0 3 3 1 5 5 5 5 5 5 5 5 5 5 5 5 5 5 5 1 1 5 5 5 5 5 5 5 5 5 1 1 1 3 3 3 1 1 5 5 5 5 1 1 1 1 1 1 5 5 5 5 1 3 3 3 3 3 0 0
0 3 3 1 1 5 5 5 5 5 5 5 5 5 5 5 5 5 5 5 5 5 5 5 5 5 5 5 5 5 5 1 1 1 1 1 1 5 5 5 5 5 5 1 1 1 5 5 5 5 5 5 1 3 3 3 0 0 0 0
0 3 3 3 1 1 1 5 5 5 5 5 5 1 1 1 5 5 5 5 5 5 5 5 5 1 1 5 5 5 5 5 5 1 1 1 5 5 5 5 5 5 5 5 5 5 5 5 5 5 5 5 1 3 3 0 0 0 0 0
0 3 3 3 3 3 1 1 1 1 1 1 1 1 1 1 1 5 5 5 5 5 5 5 1 1 1 1 5 5 5 5 5 5 5 5 5 5 5 5 5 5 5 5 5 5 5 5 5 5 5 1 1 3 3 0 0 0 0 0
0 0 3 3 3 3 3 3 3 3 3 3 3 3 3 3 1 1 5 5 5 5 1 1 1 1 1 1 1 5 5 5 5 5 5 5 5 5 5 5 5 5 5 5 5 5 5 5 1 1 1 1 3 3 3 0 0 0 0 0
0 0 0 0 3 3 3 3 3 3 3 3 3 3 3 3 3 1 1 1 1 1 1 3 3 3 3 3 1 1 5 5 5 5 5 5 5 5 5 5 5 5 5 5 5 5 5 1 1 3 3 3 3 3 3 0 0 0 0 0
0 0 0 0 0 0 0 0 0 0 0 0 0 0 3 3 3 3 3 3 3 3 3 3 3 3 3 3 3 1 5 5 5 5 5 5 5 5 5 5 5 5 5 5 1 1 1 1 3 3 3 3 3 3 0 0 0 0 0 0
0 0 0 0 0 0 0 0 0 0 0 0 0 0 0 3 3 3 3 3 3 3 3 3 3 0 3 3 3 1 1 5 5 5 5 5 5 5 5 5 5 1 1 1 1 3 3 3 3 3 3 0 0 0 0 0 0 0 0 0
0 0 0 0 0 0 0 0 0 0 0 0 0 0 0 0 0 0 0 0 0 0 0 0 0 0 0 3 3 3 1 1 1 5 5 5 5 5 1 1 1 1 3 3 3 3 3 3 3 3 0 0 0 0 0 0 0 0 0 0
0 0 0 0 0 0 0 0 0 0 0 0 0 0 0 0 0 0 0 0 0 0 0 0 0 0 0 3 3 3 3 3 1 1 1 1 1 1 1 3 3 3 3 3 3 3 3 0 0 0 0 0 0 0 0 0 0 0 0 0
0 0 0 0 0 0 0 0 0 0 0 0 0 0 0 0 0 0 0 0 0 0 0 0 0 0 0 0 3 3 3 3 3 3 3 3 3 3 3 3 3 3 3 3 0 0 0 0 0 0 0 0 0 0 0 0 0 0 0 0
0 0 0 0 0 0 0 0 0 0 0 0 0 0 0 0 0 0 0 0 0 0 0 0 0 0 0 0 0 0 3 3 3 3 3 3 3 3 3 3 3 0 0 0 0 0 0 0 0 0 0 0 0 0 0 0 0 0 0 0
0 0 0 0 0 0 0 0 0 0 0 0 0 0 0 0 0 0 0 0 0 0 0 0 0 0 0 0 0 0 0 0 0 0 0 0 0 0 0 0 0 0 0 0 0 0 0 0 0 0 0 0 0 0 0 0 0 0 0 0
1
3
0 50 44
1 46 24
1 32 17
15
3 2 50
5 50 25
5 51 13
5 41 14
5 28 8
5 16 19
5 29 39
5 16 55
5 49 39
5 55 46
5 17 32
5 36 27
5 34 51
5 61 33
6 42 55