36 63
0 0 0 0 0 0 0 0 0 0 0 0 0 0 0 0 0 0 0 0 0 0 0 0 0 0 0 0 0 0 0 0 0 0 0 0 0 0 0 0 0 0 0 0 0 0 0 0 0 0 0 0 0 0 0 0 0 0 0 0 0 0 0
0 0 0 0 0 0 0 0 0 0 0 0 0 0 0 3 3 3 3 3 3 3 3 3 3 3 3 3 3 0 0 0 0 0 0 0 0 0 0 0 0 0 0 0 0 0 0 0 0 0 0 0 0 0 0 0 0 0 0 0 0 0 0
0 0 0 0 0 0 0 0 3 3 3 3 3 3 3 3 3 3 3 3 3 3 3 3 3 3 3 3 3 3 3 3 3 0 0 0 0 0 0 0 0 0 0 0 0 0 0 0 0 0 0 0 0 0 0 0 0 0 0 0 0 0 0
0 0 0 0 0 0 0 3 3 3 3 3 3 3 3 3 3 1 1 1 1 1 1 1 1 1 1 3 3 3 3 3 3 3 3 0 0 0 0 3 3 3 3 3 3 3 3 3 3 3 3 3 3 0 0 0 0 0 0 0 0 0 0
0 0 0 0 0 3 3 3 3 3 3 1 1 1 1 1 1 1 1 1 1 1 1 1 1 1 1 1 1 1 1 3 3 3 3 3 3 3 3 3 3 3 3 3 3 3 3 3 3 3 3 3 3 3 3 3 0 0 0 0 0 0 0
0 0 0 0 3 3 3 3 3 1 1 1 1 1 1 1 1 1 1 1 1 1 1 1 1 1 1 1 1 1 1 1 1 3 3 3 3 3 3 3 3 1 1 1 1 1 1 6 6 6 3 3 3 3 3 3 3 3 0 0 0 0 0
0 0 0 3 3 3 3 1 1 1 1 1 1 1 1 1 1 1 1 3 3 3 3 3 1 1 1 1 1 1 1 1 1 1 1 3 3 3 3 1 1 1 1 1 1 1 1 6 6 6 6 6 3 3 3 3 3 3 3 0 0 0 0
0 0 3 3 3 3 1 1 1 1 1 1 1 1 1 3 3 3 3 3 3 3 3 3 3 3 3 3 1 1 1 1 1 1 1 1 1 1 1 1 1 1 1 1 2 1 1 1 6 6 6 6 6 6 3 3 3 3 3 3 0 0 0
0 0 3 3 3 1 1 1 1 1 1 1 3 3 3 3 3 3 3 3 3 3 3 3 3 3 3 3 3 3 3 3 1 1 1 1 1 1 1 1 1 1 5 5 5 5 5 1 6 6 6 6 6 6 6 3 3 3 3 3 0 0 0
0 3 3 3 1 1 1 1 1 1 3 3 3 3 3 3 3 3 3 3 3 3 3 3 3 3 3 3 3 3 3 3 1 1 1 1 1 1 5 5 5 5 5 5 5 5 5 1 1 6 6 6 6 6 6 6 3 3 3 3 3 0 0
0 3 3 3 1 1 1 1 1 3 3 3 3 3 3 3 3 3 3 3 3 3 3 3 3 3 3 3 3 3 3 1 1 1 5 5 5 5 5 5 5 5 5 5 5 5 5 5 1 1 6 6 6 6 6 6 6 3 3 3 3 0 0
0 3 3 1 1 1 1 1 3 3 3 3 3 3 3 3 3 3 3 3 3 3 3 3 3 3 3 3 3 3 1 1 5 5 5 5 5 5 5 5 5 5 5 5 5 5 5 5 5 1 6 6 6 6 6 6 6 6 3 3 3 3 0
0 3 3 1 1 1 1 3 3 3 3 3 3 3 3 3 3 3 6 6 6 3 3 3 3 3 3 3 3 3 1 5 5 5 5 5 5 5 5 5 5 5 5 5 5 5 5 5 5 1 6 6 6 6 6 6 6 6 3 3 3 3 0
0 3 3 1 1 1 1 3 3 3 3 3 3 3 3 3 6 6 6 6 6 6 3 3 3 3 3 3 3 1 1 5 5 5 5 5 5 5 5 5 5 5 5 5 5 5 5 5 5 1 6 6 6 6 6 6 6 6 6 3 3 3 0
0 3 3 1 1 1 1 3 3 3 3 3 3 3 3 6 6 6 6 6 6 6 6 3 3 3 3 3 1 1 5 5 5 5 5 5 5 5 5 5 5 5 5 5 5 5 5 5 1 1 6 6 6 6 6 6 6 6 6 3 3 3 0
0 3 3 1 1 1 1 3 3 3 3 3 3 3 6 6 6 6 6 6 6 6 6 3 3 3 3 1 1 5 5 5 5 5 5 5 5 5 1 1 1 1 1 5 5 5 5 1 1 6 6 6 6 6 6 6 6 6 6 3 3 3 0
0 3 3 3 1 1 1 1 1 3 3 3 3 3 6 6 6 6 6 6 6 6 6 3 3 3 3 1 5 5 5 5 5 5 5 5 1 1 1 6 6 6 1 1 1 1 1 1 6 6 6 6 6 6 6 6 6 6 6 3 3 3 0
0 3 3 3 1 1 1 1 1 3 3 3 3 3 3 6 6 6 6 6 6 6 3 3 3 3 3 1 1 5 5 5 5 5 5 5 1 6 6 6 6 6 6 6 6 6 6 6 6 6 6 6 6 6 6 6 6 6 3 3 3 3 0
0 0 3 3 3 1 1 1 1 3 3 3 3 3 3 3 6 6 6 6 6 6 3 3 3 3 3 1 1 5 5 5 5 5 5 5 1 6 6 6 6 6 6 6 6 6 6 6 6 6 6 6 6 6 6 6 6 6 3 3 3 3 0
0 0 3 3 3 3 3 3 3 3 3 3 3 3 3 3 1 1 1 2 1 1 1 3 3 3 3 1 1 5 5 5 5 5 5 5 1 6 6 6 6 6 6 6 6 6 6 6 6 6 6 6 6 6 6 6 6 6 3 3 3 3 0
0 0 0 3 3 3 3 3 3 3 3 0 0 3 3 3 1 5 5 5 5 5 1 1 1 1 1 1 5 5 5 5 5 5 5 5 1 1 1 6 6 6 6 6 6 6 6 6 6 6 6 6 6 6 6 6 6 3 3 3 3 3 0
0 0 0 0 0 0 0 0 0 0 0 0 0 3 3 1 1 5 5 5 5 5 5 5 5 5 5 5 5 5 5 5 5 5 5 5 5 5 1 1 4 1 1 6 6 6 6 6 6 6 6 6 6 6 6 6 6 3 3 3 3 0 0
0 0 0 0 0 0 0 0 0 0 0 0 0 3 3 1 5 5 5 5 5 5 5 5 5 5 5 5 5 5 5 5 5 5 5 5 5 5 5 5 5 5 1 1 6 6 6 6 6 6 6 6 6 6 6 6 3 3 3 3 3 0 0
0 0 0 0 0 0 0 0 0 0 0 0 0 3 3 1 5 5 5 5 5 5 5 5 5 5 5 5 5 5 5 5 5 5 5 5 5 5 5 5 5 5 5 1 1 6 6 6 6 6 6 6 6 6 6 6 3 3 3 3 3 0 0
0 0 0 0 0 0 0 0 0 0 0 0 0 3 3 1 1 5 5 5 5 5 5 5 5 5 5 5 5 5 5 5 5 5 5 5 5 5 5 5 5 5 5 5 1 1 6 6 6 6 6 6 6 6 6 3 3 3 3 3 0 0 0
0 0 0 0 0 0 0 0 0 0 0 0 0 3 3 3 1 1 5 5 5 1 1 1 1 1 1 1 1 5 5 5 5 5 5 5 5 5 5 5 5 5 5 5 5 1 1 6 6 6 6 6 6 1 3 3 3 3 3 3 0 0 0
0 0 0 0 0 0 0 0 0 0 0 0 0 3 3 3 3 1 1 1 1 1 1 1 1 1 1 1 1 1 1 1 1 5 5 5 5 5 5 5 5 5 5 5 5 1 1 1 1 6 6 6 1 1 3 3 3 3 3 0 0 0 0
0 0 0 0 0 0 0 0 0 0 0 0 0 0 3 3 3 3 3 3 1 1 1 1 1 1 1 1 1 1 1 1 1 1 1 1 5 5 5 5 5 5 5 5 1 1 1 1 1 1 1 1 1 3 3 3 3 3 3 0 0 0 0
0 0 0 0 0 0 0 0 0 0 0 0 0 0 0 3 3 3 3 3 3 1 1 1 1 1 1 1 1 1 1 1 1 1 1 1 1 1 5 5 5 5 5 1 1 1 6 6 6 1 1 1 1 3 3 3 3 3 0 0 0 0 0
0 0 0 0 0 0 0 0 0 0 0 0 0 0 0 0 3 3 3 3 3 3 1 1 1 1 1 1 1 1 1 1 1 1 1 1 1 1 1 1 5 1 1 1 1 6 6 6 6 1 1 1 3 3 3 3 3 3 0 0 0 0 0
0 0 0 0 0 0 0 0 0 0 0 0 0 0 0 0 0 3 3 3 3 3 3 1 1 1 1 3 3 3 3 3 1 1 1 1 1 1 1 1 1 1 1 1 1 6 6 6 1 1 1 3 3 3 3 3 3 0 0 0 0 0 0
0 0 0 0 0 0 0 0 0 0 0 0 0 0 0 0 0 0 3 3 3 3 3 3 3 3 3 3 3 3 3 3 3 3 3 1 1 1 1 1 1 1 1 1 1 1 1 1 1 3 3 3 3 3 3 0 0 0 0 0 0 0 0
0 0 0 0 0 0 0 0 0 0 0 0 0 0 0 0 0 0 0 3 3 3 3 3 3 3 3 3 3 3 3 3 3 3 3 3 1 1 1 1 1 1 1 1 1 1 1 3 3 3 3 3 3 3 0 0 0 0 0 0 0 0 0
0 0 0 0 0 0 0 0 0 0 0 0 0 0 0 0 0 0 0 0 0 0 0 0 0 0 0 0 0 0 0 0 0 3 3 3 3 3 3 3 3 3 3 3 3 3 3 3 3 3 3 3 0 0 0 0 0 0 0 0 0 0 0
0 0 0 0 0 0 0 0 0 0 0 0 0 0 0 0 0 0 0 0 0 0 0 0 0 0 0 0 0 0 0 0 0 0 3 3 3 3 3 3 3 3 3 3 3 3 3 3 3 3 0 0 0 0 0 0 0 0 0 0 0 0 0
0 0 0 0 0 0 0 0 0 0 0 0 0 0 0 0 0 0 0 0 0 0 0 0 0 0 0 0 0 0 0 0 0 0 0 0 0 0 0 0 0 0 0 0 0 0 0 0 0 0 0 0 0 0 0 0 0 0 0 0 0 0 0
2
2
0 14 18
1 28 24
9
3 15 7
5 28 40
5 25 53
5 15 58
5 4 49
5 15 29
5 24 29
5 17 27
6 16 39
12
0 17 41
0 22 46
0 16 48
0 22 50
0 18 54
0 13 50
0 10 55
0 28 47
0 27 51
0 29 42
3 5 41 7 1
5 13 5
2
0 16 40
1 14 45
7
3 15 7
5 23 54
5 12 58
5 21 37
5 20 17
5 9 38
6 26 23
8
1 29 41
2 15 48 15 1
2 6 50 23 2
2 7 52 19 2
2 9 54 14 2
2 11 56 8 2
6 13 5
7 14 15