61 62
0 0 0 0 0 0 0 0 0 0 0 0 0 0 0 0 0 0 0 0 0 0 0 0 0 0 0 0 0 0 0 0 0 0 0 0 0 0 0 0 0 0 0 0 0 0 0 0 0 0 0 0 0 0 0 0 0 0 0 0 0 0
0 0 0 0 0 0 0 0 0 0 0 0 0 0 0 0 0 0 0 0 0 0 3 3 3 3 3 3 3 3 3 3 3 0 0 0 0 0 0 0 0 0 0 0 0 0 0 0 0 0 0 0 0 0 0 0 0 0 0 0 0 0
0 0 0 0 0 0 0 0 0 0 0 0 0 0 0 0 0 0 3 3 3 3 3 3 3 3 3 3 3 3 3 3 3 3 3 3 0 0 0 0 0 0 0 0 0 0 0 0 0 0 0 0 0 0 0 0 0 0 0 0 0 0
0 0 0 0 0 0 0 0 0 0 0 0 0 0 0 0 0 3 3 3 3 3 3 3 1 1 1 1 1 1 1 3 3 3 3 3 3 3 0 0 0 0 0 0 0 0 0 0 0 0 0 0 0 0 0 0 0 0 0 0 0 0
0 0 0 0 0 0 0 0 0 0 0 0 0 0 0 0 0 3 3 3 1 1 1 1 1 5 5 5 5 5 1 1 1 1 3 3 3 3 3 0 0 0 0 0 0 0 0 0 0 0 0 0 0 0 0 0 0 0 0 0 0 0
0 0 0 0 0 0 0 0 0 0 0 0 0 0 0 0 0 3 3 1 1 1 5 5 5 5 5 5 5 5 5 5 5 1 1 1 3 3 3 0 0 0 0 0 0 0 0 0 0 0 0 0 0 0 0 0 0 0 0 0 0 0
0 0 0 0 0 0 0 0 0 0 0 0 0 0 0 0 0 3 3 1 1 5 5 5 5 5 5 5 5 5 5 5 5 5 5 1 1 3 3 0 0 0 0 0 0 0 0 0 0 0 0 0 0 0 0 0 0 0 0 0 0 0
0 0 0 0 0 0 0 0 0 0 0 0 0 0 0 0 0 3 3 1 1 5 5 5 5 5 5 5 5 5 5 5 5 5 5 5 1 3 3 0 0 0 0 0 0 0 0 0 0 0 0 0 0 0 0 0 0 0 0 0 0 0
0 0 0 0 0 0 0 0 0 0 0 0 0 0 0 0 0 3 3 1 1 1 5 5 5 5 5 5 5 5 5 5 5 5 5 5 1 3 3 0 0 0 0 0 0 0 0 0 0 0 0 0 0 0 0 0 0 0 0 0 0 0
0 0 0 0 0 0 0 0 0 0 0 0 0 0 0 0 0 3 3 1 1 1 1 1 1 5 5 5 5 5 5 5 5 5 5 5 1 3 3 0 0 0 0 0 0 0 0 3 3 3 3 3 3 3 3 3 3 0 0 0 0 0
0 0 0 0 0 0 0 0 0 0 0 0 0 0 0 0 0 3 3 3 1 1 1 1 1 1 1 5 5 5 5 5 5 5 5 1 1 3 3 0 0 0 0 0 0 0 3 3 3 3 3 3 3 3 3 3 3 3 0 0 0 0
0 0 0 0 0 0 0 0 0 0 0 0 0 0 0 0 0 3 3 3 3 3 3 3 1 1 1 1 5 5 5 5 5 5 1 1 3 3 3 0 0 0 0 0 0 0 3 3 3 1 1 1 1 1 1 3 3 3 0 0 0 0
0 0 0 0 0 0 0 0 0 0 0 0 0 0 0 0 0 0 3 3 3 3 3 3 3 1 1 1 1 5 5 5 5 1 1 3 3 3 3 0 0 0 0 0 0 3 3 3 1 1 5 5 5 5 1 1 3 3 0 0 0 0
0 0 0 0 0 0 0 0 0 0 0 0 0 0 0 0 0 0 0 0 0 0 3 3 3 3 1 1 1 5 5 5 5 1 1 3 3 3 0 0 0 0 0 0 3 3 3 3 1 5 5 5 5 5 5 1 3 3 0 0 0 0
0 0 0 0 0 0 0 0 0 0 0 0 0 0 0 0 0 0 0 0 0 0 0 3 3 3 3 1 1 1 5 5 5 5 1 3 3 3 3 3 3 3 3 3 3 3 3 1 1 5 5 5 5 5 5 1 3 3 0 0 0 0
0 0 0 0 0 0 0 0 0 0 0 0 0 0 0 0 0 0 0 0 0 0 0 0 3 3 3 1 1 1 5 5 5 5 1 1 3 3 3 3 3 3 3 3 3 1 1 1 5 5 5 5 5 5 5 1 3 3 0 0 0 0
0 0 0 0 0 0 0 0 0 0 0 0 0 0 0 0 0 0 0 0 0 0 0 0 0 3 3 3 1 1 5 5 5 5 5 1 1 3 3 3 1 1 1 1 1 1 5 5 5 5 5 5 5 5 1 1 3 3 0 0 0 0
0 0 0 0 0 0 0 0 0 0 0 0 0 0 0 0 0 0 0 0 0 0 0 0 0 3 3 3 1 1 1 5 5 5 5 5 1 1 1 1 1 5 5 5 5 5 5 5 5 5 5 5 5 5 1 3 3 3 0 0 0 0
0 0 0 0 0 0 0 0 0 0 0 0 0 0 0 0 0 0 0 0 0 0 0 0 0 0 3 3 1 1 1 5 5 5 5 5 5 5 5 5 5 5 5 5 5 5 5 5 5 5 5 5 5 1 1 3 3 3 0 0 0 0
0 0 0 0 0 0 0 0 0 0 0 0 0 0 0 0 0 0 0 0 0 0 0 0 0 0 3 3 3 1 1 5 5 5 5 5 5 5 5 5 5 5 5 5 5 5 5 5 5 5 5 5 5 1 3 3 3 0 0 0 0 0
0 0 0 0 0 0 0 0 0 0 0 0 0 0 0 0 0 0 0 0 0 0 0 0 0 0 3 3 3 1 1 1 5 5 5 5 5 5 5 5 5 5 5 5 5 5 5 5 5 5 5 5 5 1 3 3 3 3 0 0 0 0
0 0 0 0 0 0 0 0 0 0 0 0 0 0 0 0 0 0 0 0 0 0 0 0 0 0 0 3 3 1 1 1 5 5 5 5 5 5 5 5 1 1 1 1 1 1 1 1 1 1 2 1 1 1 3 3 3 3 3 0 0 0
0 0 0 0 0 0 0 0 0 0 0 0 0 0 0 0 0 0 0 0 0 0 0 0 0 0 0 3 3 3 1 1 1 5 5 5 5 1 1 1 1 1 3 3 3 3 1 1 6 6 6 6 6 1 3 3 3 3 3 0 0 0
0 0 0 0 0 0 0 0 0 0 0 0 0 0 0 0 0 0 0 0 0 0 0 0 0 0 0 3 3 3 3 1 1 1 1 1 1 1 1 1 3 3 3 3 3 3 3 1 6 6 6 6 6 1 1 3 3 3 3 0 0 0
0 0 0 0 0 0 0 0 0 0 0 0 0 0 0 0 0 0 0 0 0 0 0 0 0 0 0 3 3 3 3 3 3 3 3 3 3 3 3 3 3 3 3 3 3 3 3 1 1 6 6 6 6 6 1 3 3 3 3 0 0 0
0 0 0 0 0 0 0 0 0 0 0 0 0 0 0 0 0 0 0 0 0 0 0 0 0 0 0 0 3 3 3 3 3 3 3 3 3 3 3 3 3 3 3 3 3 3 3 1 1 6 6 6 6 6 1 3 3 3 3 0 0 0
0 0 0 0 0 0 0 0 0 0 0 0 0 0 0 0 0 0 0 0 0 0 0 0 0 0 0 0 3 3 3 3 3 3 3 3 3 3 3 3 3 3 3 3 3 3 3 1 1 6 6 6 6 6 1 3 3 3 3 0 0 0
0 0 0 0 0 0 0 0 0 0 0 0 0 0 0 0 0 0 0 0 0 0 0 0 0 0 0 0 0 3 3 3 3 3 3 3 3 3 3 3 3 3 3 3 3 3 3 1 1 6 6 6 6 6 1 1 3 3 3 0 0 0
0 0 0 0 0 0 0 0 0 0 0 0 0 0 0 0 0 0 0 0 0 0 0 0 0 0 0 0 3 3 3 3 3 3 3 3 3 3 3 3 3 3 3 3 3 3 1 1 6 6 6 6 6 1 1 1 3 3 3 0 0 0
0 0 0 0 0 0 3 3 3 3 3 3 3 3 0 0 0 0 0 0 0 0 0 0 3 3 3 3 3 3 3 3 3 3 3 3 3 3 3 3 3 3 3 3 1 1 1 6 6 6 6 6 1 1 1 1 3 3 3 0 0 0
0 0 0 0 0 3 3 3 3 3 3 3 3 3 3 3 3 0 0 0 0 3 3 3 3 3 3 3 3 3 3 3 3 3 3 3 3 3 1 1 1 1 1 1 1 6 6 6 6 6 6 1 1 1 1 1 1 3 3 3 0 0
0 0 0 0 0 3 3 3 1 1 1 1 3 3 3 3 3 3 3 3 3 3 3 3 3 3 3 3 3 3 3 3 3 1 1 1 1 1 1 1 6 6 6 6 6 6 6 6 6 1 1 1 1 1 1 1 1 3 3 3 0 0
0 0 0 0 3 3 3 1 1 1 1 1 1 1 1 3 3 3 3 3 3 3 3 3 3 3 3 3 3 3 1 1 1 1 1 1 1 1 1 6 6 6 6 6 6 6 6 1 1 1 1 1 1 1 1 1 1 1 3 3 3 0
0 0 0 0 3 3 3 1 1 1 1 1 1 1 1 1 3 3 3 3 3 3 3 1 1 1 1 1 1 1 1 1 1 1 1 1 1 1 1 6 6 6 6 6 6 1 1 1 1 1 1 1 1 1 1 1 1 1 3 3 3 0
0 0 0 0 3 3 3 1 1 1 1 1 1 1 1 1 1 1 1 1 1 1 1 1 1 1 1 1 1 1 1 1 5 5 5 5 5 5 1 1 1 2 1 1 1 1 1 1 1 1 1 1 1 1 1 1 1 1 1 3 3 0
0 0 0 3 3 3 1 1 1 1 1 1 1 1 1 1 1 1 1 1 1 1 1 1 1 5 5 5 5 5 5 5 5 5 5 5 5 5 5 5 5 5 5 5 1 1 1 1 1 1 1 1 1 1 1 1 1 1 1 3 3 0
0 0 0 3 3 3 1 1 1 1 1 1 1 5 5 5 5 5 5 5 5 5 5 5 5 5 5 5 5 5 5 5 5 5 5 5 5 5 5 5 5 5 5 5 5 1 1 1 1 1 1 1 1 6 6 6 6 1 1 3 3 0
0 0 0 3 3 3 1 1 1 1 1 5 5 5 5 5 5 5 5 5 5 5 5 5 5 5 5 5 5 5 5 5 5 5 5 5 5 5 5 5 5 5 5 5 5 5 1 1 1 1 1 1 6 6 6 6 6 6 1 3 3 0
0 0 0 3 3 1 1 1 1 1 5 5 5 5 5 5 5 5 5 5 5 5 5 5 5 5 5 5 5 5 5 5 5 5 5 5 5 5 5 5 5 5 5 5 5 5 5 1 1 1 1 6 6 6 6 6 6 6 1 3 3 0
0 0 3 3 3 1 1 1 1 1 5 5 5 5 5 5 5 5 1 1 1 1 1 1 1 5 5 5 5 5 5 5 5 5 5 5 5 5 5 5 5 5 5 5 5 5 5 1 1 1 6 6 6 6 6 6 6 6 3 3 3 0
0 0 3 3 3 1 1 1 1 5 5 5 5 5 5 5 1 1 1 1 1 1 1 1 1 1 1 1 5 5 5 5 5 5 5 5 5 5 5 5 5 5 5 5 5 5 5 1 1 6 6 6 6 6 6 6 6 6 3 3 3 0
0 0 3 3 3 1 1 1 5 5 5 5 5 5 1 1 1 1 1 1 1 1 1 1 1 1 1 1 1 1 5 5 5 5 5 5 5 1 1 1 1 1 5 5 5 5 1 1 1 6 6 6 6 6 6 6 6 6 3 3 0 0
0 3 3 3 3 1 1 1 5 5 5 5 5 1 1 1 1 1 1 1 1 1 1 1 1 1 1 1 1 1 1 5 5 5 5 5 1 1 1 1 1 1 1 1 1 1 1 1 1 6 6 6 6 6 6 6 6 3 3 3 0 0
0 3 3 3 3 1 1 5 5 5 5 5 5 1 1 1 1 1 1 1 1 1 1 1 1 1 1 1 1 1 1 5 5 5 5 5 1 1 1 1 1 1 1 1 1 1 1 1 6 6 6 6 6 6 6 6 6 3 3 3 0 0
0 3 3 3 3 1 5 5 5 5 5 5 1 1 1 1 1 1 1 1 1 1 1 1 1 1 1 1 1 1 1 1 5 5 5 5 1 1 1 1 1 1 1 1 6 6 6 6 6 6 6 6 6 6 6 6 6 3 3 0 0 0
0 3 3 3 1 1 5 5 5 5 5 5 1 1 1 1 1 1 1 1 5 5 5 5 1 1 1 1 1 1 1 1 5 5 5 5 1 1 1 1 1 1 1 6 6 6 6 6 6 6 6 6 6 6 6 6 6 3 3 0 0 0
0 3 3 1 1 5 5 5 5 5 5 1 1 1 1 1 1 1 1 5 5 5 5 5 5 5 1 1 1 1 1 1 5 5 5 5 1 1 1 1 1 1 1 6 6 6 6 6 6 6 6 6 6 6 6 6 3 3 3 0 0 0
0 3 3 1 5 5 5 5 5 5 5 1 1 1 1 1 1 1 5 5 5 5 5 5 5 5 5 1 1 1 1 5 5 5 5 5 5 1 1 1 1 1 1 6 6 6 6 6 6 6 6 6 6 6 6 6 3 3 3 0 0 0
0 3 3 1 5 5 5 5 5 5 1 1 1 1 1 1 1 5 5 5 5 5 5 5 5 5 5 1 1 1 1 5 5 5 5 5 5 1 1 1 1 1 1 6 6 6 6 6 6 6 6 6 6 6 6 6 3 3 0 0 0 0
0 3 3 1 5 5 5 5 5 5 1 1 1 1 1 1 1 5 5 5 5 5 5 5 5 5 5 1 1 1 1 5 5 5 5 5 5 5 1 1 1 1 1 1 6 6 6 6 6 6 6 6 6 6 6 3 3 3 0 0 0 0
0 3 3 1 5 5 5 5 5 5 1 1 1 1 1 1 1 5 5 5 5 5 5 5 5 5 5 5 1 1 1 1 5 5 5 5 5 5 5 1 1 1 1 1 1 1 6 6 6 6 6 6 6 6 1 3 3 3 0 0 0 0
0 3 3 1 1 5 5 5 5 5 5 1 1 1 1 5 5 5 5 5 5 5 5 5 5 5 1 1 1 1 1 1 5 5 5 5 5 5 5 5 1 1 1 1 1 1 6 6 6 6 1 1 1 1 3 3 3 3 0 0 0 0
0 3 3 3 1 5 5 5 5 5 5 5 5 5 5 5 5 5 5 5 5 5 5 5 5 1 1 1 1 1 1 1 1 1 5 5 5 5 5 5 5 1 1 1 1 1 1 1 1 1 1 1 3 3 3 3 3 0 0 0 0 0
0 3 3 3 1 1 5 5 5 5 5 5 5 5 5 5 5 5 5 5 5 5 5 1 1 1 3 3 3 3 3 3 3 1 1 1 5 5 5 5 5 5 1 1 4 1 1 1 1 3 3 3 3 3 3 3 0 0 0 0 0 0
0 0 3 3 3 1 1 1 5 5 5 5 5 5 5 5 5 5 5 5 5 1 1 1 3 3 3 3 3 3 3 3 3 3 3 1 1 5 5 5 5 5 5 5 5 5 1 3 3 3 3 3 3 3 0 0 0 0 0 0 0 0
0 0 3 3 3 3 3 1 1 1 1 1 1 1 1 1 1 1 1 1 1 1 3 3 3 3 3 3 0 0 0 3 3 3 3 3 1 1 5 5 5 5 5 5 5 5 1 3 3 3 3 0 0 0 0 0 0 0 0 0 0 0
0 0 0 3 3 3 3 3 3 3 3 3 3 3 3 3 3 3 3 3 3 3 3 3 3 3 0 0 0 0 0 0 0 3 3 3 3 1 1 1 5 5 5 5 5 5 1 3 3 0 0 0 0 0 0 0 0 0 0 0 0 0
0 0 0 0 0 3 3 3 3 3 3 3 3 3 3 3 3 3 3 3 3 3 3 3 0 0 0 0 0 0 0 0 0 0 3 3 3 3 3 1 1 1 1 1 1 1 1 3 3 0 0 0 0 0 0 0 0 0 0 0 0 0
0 0 0 0 0 0 0 0 0 0 0 0 0 0 0 0 0 0 0 0 0 0 0 0 0 0 0 0 0 0 0 0 0 0 0 3 3 3 3 3 3 3 3 3 3 3 3 3 3 0 0 0 0 0 0 0 0 0 0 0 0 0
0 0 0 0 0 0 0 0 0 0 0 0 0 0 0 0 0 0 0 0 0 0 0 0 0 0 0 0 0 0 0 0 0 0 0 0 0 3 3 3 3 3 3 3 3 3 3 3 3 0 0 0 0 0 0 0 0 0 0 0 0 0
0 0 0 0 0 0 0 0 0 0 0 0 0 0 0 0 0 0 0 0 0 0 0 0 0 0 0 0 0 0 0 0 0 0 0 0 0 0 0 0 0 0 0 0 0 0 0 0 0 0 0 0 0 0 0 0 0 0 0 0 0 0
2
3
0 17 35
1 47 49
1 48 20
15
3 30 8
5 6 21
5 13 54
5 36 13
5 51 5
5 47 26
5 47 31
5 34 32
5 53 41
5 33 58
5 49 54
5 41 5
5 21 30
6 7 30
6 42 38
7
3 37 15 20 3
3 30 38 18 3
3 32 39 18 2
3 34 46 11 2
3 36 48 10 2
3 28 46 9 2
7 49 25
3
0 37 33
1 44 38
1 9 27
14
3 30 8
5 6 21
5 21 36
5 13 49
5 28 44
5 34 51
5 44 44
5 50 50
5 37 55
5 51 39
5 42 31
5 44 52
6 48 20
6 43 15
13
1 42 8
4 39 19
4 37 7
4 46 45
4 40 51
4 33 52
4 24 48
4 50 29
5 50 52
5 13 52
5 8 34
6 37 26
6 30 38