42 44
0 0 0 0 0 0 0 0 0 0 0 0 0 0 0 0 0 0 0 0 0 0 0 0 0 0 0 0 0 0 0 0 0 0 0 0 0 0 0 0 0 0 0 0
0 0 0 0 0 0 0 0 0 0 0 0 0 0 0 0 0 0 0 0 0 0 3 3 3 3 3 3 3 3 3 3 0 0 0 0 0 0 0 0 0 0 0 0
0 0 0 0 0 0 0 0 0 0 0 0 0 0 0 0 0 0 0 0 3 3 3 3 3 3 3 3 3 3 3 3 3 0 0 0 0 0 0 0 0 0 0 0
0 0 0 0 0 0 0 0 0 0 0 0 0 0 0 0 0 0 0 3 3 3 3 3 1 1 1 1 1 1 3 3 3 3 0 0 0 0 0 0 0 0 0 0
0 0 0 0 0 0 0 0 0 0 0 0 0 0 0 0 0 0 0 3 3 3 1 1 1 5 5 5 5 1 1 3 3 3 3 0 0 0 0 0 0 0 0 0
0 0 0 0 0 0 0 0 0 0 0 0 0 0 0 0 0 0 0 3 3 1 1 5 5 5 5 5 5 5 1 1 3 3 3 0 0 0 0 0 0 0 0 0
0 0 0 0 0 0 0 0 0 0 0 0 0 0 0 0 0 0 0 3 3 1 5 5 5 5 5 5 5 5 5 1 1 3 3 0 0 0 0 0 0 0 0 0
0 0 0 0 0 0 0 0 0 0 0 0 0 0 0 0 0 0 0 3 3 1 1 5 5 5 5 5 5 5 5 5 1 3 3 0 0 0 0 0 0 0 0 0
0 0 0 0 0 0 0 0 0 0 0 0 0 0 0 0 0 3 3 3 3 1 1 5 5 5 5 5 5 5 5 5 1 3 3 0 0 0 0 0 0 0 0 0
0 0 0 0 0 0 0 0 0 0 0 0 0 0 0 0 0 3 3 3 3 1 5 5 5 5 5 5 5 5 1 1 1 3 3 0 0 0 0 0 0 0 0 0
0 0 0 0 0 0 0 0 0 0 0 0 0 0 0 0 3 3 3 1 1 1 5 5 5 5 5 5 5 1 1 3 3 3 3 0 0 0 0 0 0 0 0 0
0 0 0 0 0 0 0 0 0 0 0 0 0 0 0 3 3 3 3 1 1 5 5 5 5 5 5 1 1 1 3 3 3 3 3 0 0 0 0 0 0 0 0 0
0 0 0 0 0 0 0 0 0 0 0 0 0 0 0 3 3 3 1 1 1 5 5 5 5 5 5 1 1 3 3 3 3 0 0 0 0 0 0 0 0 0 0 0
0 0 0 0 0 0 0 0 0 0 0 0 0 0 0 3 3 1 1 5 5 5 5 5 5 5 5 1 1 3 3 3 3 0 0 0 0 0 0 0 0 0 0 0
0 0 0 0 0 0 0 0 0 0 0 0 0 0 0 3 3 1 5 5 5 5 5 5 5 5 5 5 1 1 3 3 3 3 0 0 0 0 0 0 0 0 0 0
0 0 0 0 0 0 0 0 0 0 0 0 0 0 0 3 3 1 5 5 5 5 5 5 5 5 5 5 5 1 1 3 3 3 0 0 0 0 0 0 0 0 0 0
0 0 0 0 0 0 0 0 0 0 0 0 0 0 0 3 3 1 5 5 5 5 5 5 5 5 5 5 5 5 1 1 3 3 0 0 0 0 0 0 0 0 0 0
0 0 0 0 0 0 0 0 0 0 0 0 0 0 0 3 3 1 1 5 5 5 5 5 5 5 5 5 5 5 5 1 3 3 0 3 3 3 3 3 3 3 0 0
0 0 0 0 0 0 0 0 0 0 0 0 0 0 0 3 3 3 1 1 1 5 5 5 5 5 5 5 5 5 5 1 3 3 3 3 3 3 3 3 3 3 3 0
0 0 0 0 0 0 0 0 0 0 0 0 0 0 0 3 3 3 3 3 1 1 5 5 5 5 5 5 5 5 5 1 3 3 3 3 3 1 1 1 3 3 3 0
0 0 0 0 0 0 0 0 0 0 0 0 0 0 0 0 3 3 3 3 1 1 5 5 5 5 5 5 5 5 1 1 3 3 3 3 1 1 5 1 1 3 3 0
0 0 0 0 0 0 0 0 0 0 0 0 0 0 0 0 0 0 3 3 1 1 5 5 5 5 5 5 1 1 1 1 3 3 1 1 1 5 5 5 1 3 3 0
0 0 0 0 0 0 0 0 0 0 0 0 0 0 0 0 0 3 3 3 1 5 5 5 5 5 5 5 1 1 1 1 1 1 1 5 5 5 5 5 1 3 3 0
0 0 0 0 0 0 0 0 0 3 3 3 3 3 3 3 3 3 3 3 1 5 5 5 5 5 5 1 1 1 1 1 1 1 5 5 5 5 5 5 1 3 3 0
0 0 0 0 0 0 0 0 3 3 3 3 3 3 3 3 3 3 3 1 1 5 5 5 5 5 5 1 1 1 1 1 1 5 5 5 5 5 5 5 1 3 3 0
0 0 0 0 0 0 0 3 3 3 3 1 1 1 1 3 3 3 1 1 5 5 5 5 5 5 5 1 1 1 1 1 5 5 5 5 5 5 5 1 1 3 3 0
0 0 0 0 0 0 3 3 3 3 1 1 5 5 1 1 1 1 1 5 5 5 5 5 5 5 1 1 1 1 1 5 5 5 5 5 5 5 5 1 3 3 3 0
0 0 0 0 0 3 3 3 3 1 1 5 5 5 5 5 5 5 5 5 5 5 5 5 5 5 1 1 1 1 5 5 5 5 5 5 5 5 1 1 3 3 3 0
0 0 0 3 3 3 3 3 1 1 5 5 5 5 5 5 5 5 5 5 5 5 5 5 5 5 5 1 1 5 5 5 5 5 5 5 1 1 1 3 3 3 0 0
0 0 3 3 3 3 3 1 1 5 5 5 5 5 5 5 5 5 5 5 5 5 5 5 5 5 5 5 5 5 5 5 5 5 5 1 1 3 3 3 3 3 0 0
0 0 3 3 3 1 1 1 5 5 5 5 5 5 5 5 5 5 5 5 5 5 5 5 5 5 5 5 5 5 5 5 5 1 1 1 3 3 3 3 3 0 0 0
0 3 3 3 1 1 5 5 5 5 5 5 5 5 1 1 1 1 5 5 5 5 5 5 5 5 5 5 5 5 5 5 1 1 3 3 3 3 3 0 0 0 0 0
0 3 3 3 1 5 5 5 5 5 5 5 5 1 1 3 3 1 1 5 5 5 5 5 5 5 5 5 5 1 1 1 1 3 3 3 3 3 0 0 0 0 0 0
0 3 3 1 1 5 5 5 5 5 5 5 5 1 1 3 3 3 1 1 5 5 5 5 5 1 1 1 1 1 3 3 3 3 3 3 0 0 0 0 0 0 0 0
0 3 3 1 5 5 5 5 5 5 5 5 5 5 1 3 3 3 3 1 5 5 5 1 1 1 3 3 3 3 3 3 3 3 3 0 0 0 0 0 0 0 0 0
0 3 3 1 1 5 5 5 5 5 5 5 5 5 1 3 3 3 3 1 1 5 1 1 3 3 3 3 3 3 3 3 0 0 0 0 0 0 0 0 0 0 0 0
0 3 3 3 1 1 5 5 5 5 5 5 5 1 1 3 3 3 3 3 1 1 1 3 3 3 3 3 0 0 0 0 0 0 0 0 0 0 0 0 0 0 0 0
0 3 3 3 3 1 1 5 5 5 5 1 1 1 3 3 3 3 3 3 3 3 3 3 3 3 0 0 0 0 0 0 0 0 0 0 0 0 0 0 0 0 0 0
0 0 3 3 3 3 1 1 1 1 1 1 3 3 3 3 3 0 3 3 3 3 3 3 3 0 0 0 0 0 0 0 0 0 0 0 0 0 0 0 0 0 0 0
0 0 0 3 3 3 3 3 3 3 3 3 3 3 3 3 0 0 0 0 0 0 0 0 0 0 0 0 0 0 0 0 0 0 0 0 0 0 0 0 0 0 0 0
0 0 0 0 3 3 3 3 3 3 3 3 3 3 0 0 0 0 0 0 0 0 0 0 0 0 0 0 0 0 0 0 0 0 0 0 0 0 0 0 0 0 0 0
0 0 0 0 0 0 0 0 0 0 0 0 0 0 0 0 0 0 0 0 0 0 0 0 0 0 0 0 0 0 0 0 0 0 0 0 0 0 0 0 0 0 0 0
1
2
0 23 36 1 19 22
0