34 39
0 0 0 0 0 0 0 0 0 0 0 0 0 0 0 0 0 0 0 0 0 0 0 0 0 0 0 0 0 0 0 0 0 0 0 0 0 0 0
0 0 0 0 0 0 0 0 0 0 0 0 0 3 3 3 3 3 3 3 3 3 0 0 0 0 0 0 0 0 0 0 0 0 0 0 0 0 0
0 0 0 0 0 0 0 0 0 0 0 0 3 3 3 3 3 3 3 3 3 3 3 0 0 0 0 0 0 0 0 0 0 0 0 0 0 0 0
0 0 0 0 0 0 0 0 0 0 0 3 3 3 3 1 1 1 1 1 3 3 3 3 0 0 0 0 0 0 0 0 0 0 0 0 0 0 0
0 0 0 0 0 0 0 0 0 0 3 3 3 3 1 1 5 5 5 1 1 3 3 3 0 0 0 0 0 0 0 0 0 0 0 0 0 0 0
0 0 0 0 0 0 0 0 0 3 3 3 3 1 1 5 5 5 5 5 1 1 3 3 0 0 0 0 0 0 0 0 0 0 0 0 0 0 0
0 0 0 0 0 0 0 0 3 3 3 3 1 1 5 5 5 5 5 5 5 1 3 3 0 0 0 0 0 0 0 0 0 0 0 0 0 0 0
0 0 0 0 0 0 0 0 3 3 3 1 1 5 5 5 5 5 5 5 5 1 3 3 0 0 0 0 0 0 0 0 0 0 0 0 0 0 0
0 0 0 0 0 0 0 3 3 3 1 1 5 5 5 5 5 5 5 5 1 1 3 3 3 0 0 0 0 0 0 0 0 0 0 0 0 0 0
0 0 0 0 0 3 3 3 3 3 1 5 5 5 5 5 5 5 5 5 1 1 3 3 3 3 3 3 3 3 3 3 3 0 0 0 0 0 0
0 0 0 3 3 3 3 3 3 1 1 5 5 5 5 5 5 5 5 5 5 1 1 3 3 3 3 3 3 3 3 3 3 3 3 0 0 0 0
0 0 3 3 3 3 3 1 1 1 5 5 5 5 5 5 5 5 5 5 5 5 1 3 3 3 3 6 6 6 6 3 3 3 3 3 0 0 0
0 3 3 3 3 1 1 1 5 5 5 5 5 5 5 5 5 5 5 5 5 5 1 3 3 6 6 6 6 6 6 6 6 3 3 3 3 0 0
0 3 3 3 1 1 5 5 5 5 5 5 5 5 5 5 5 5 5 5 5 5 1 6 6 6 6 6 6 6 6 6 6 6 3 3 3 3 0
0 3 3 1 1 5 5 5 5 5 5 5 5 5 5 5 5 5 5 5 5 5 1 6 6 6 6 6 6 6 6 6 6 6 6 3 3 3 0
0 3 3 1 5 5 5 5 5 5 5 5 5 5 5 5 5 5 5 5 5 5 2 6 6 6 6 6 6 6 6 6 6 6 6 6 3 3 0
0 3 3 1 5 5 5 5 5 5 5 5 5 5 5 5 5 5 5 5 5 5 1 6 6 6 6 6 6 6 6 6 6 6 6 6 3 3 0
0 3 3 1 1 5 5 5 5 5 5 5 5 5 5 5 5 5 5 5 5 5 1 6 6 6 6 6 6 6 6 6 6 6 6 6 3 3 0
0 3 3 3 1 1 5 5 5 5 5 5 5 5 5 5 5 5 5 5 5 5 1 6 6 6 6 6 6 6 6 6 6 6 6 6 3 3 0
0 3 3 3 3 1 1 5 5 5 5 5 5 5 5 5 5 5 5 5 5 1 1 6 6 6 6 6 6 6 6 6 6 6 6 6 3 3 0
0 0 3 3 3 3 1 5 5 5 5 5 5 5 5 5 5 5 5 5 1 1 1 6 6 6 6 6 6 6 6 6 6 6 6 6 3 3 0
0 0 0 3 3 3 1 1 5 5 5 5 5 5 5 5 5 5 5 1 1 3 3 3 6 6 6 6 6 6 6 6 6 6 6 3 3 3 0
0 0 0 0 3 3 1 1 5 5 5 5 5 5 5 5 5 5 1 1 3 3 3 3 3 3 6 6 6 6 6 6 6 3 3 3 3 3 0
0 0 0 0 3 3 1 1 5 5 5 5 5 5 5 5 5 1 1 3 3 3 3 3 3 3 3 3 3 3 3 3 3 3 3 3 3 0 0
0 0 0 0 3 3 1 5 5 5 5 5 5 5 5 5 5 1 3 3 3 3 0 0 3 3 3 3 3 3 3 3 3 3 3 0 0 0 0
0 0 0 0 3 3 1 5 5 5 5 5 5 5 5 5 1 1 3 3 3 0 0 0 0 0 0 0 0 0 0 0 0 0 0 0 0 0 0
0 0 0 0 3 3 1 5 5 5 5 5 5 5 5 1 1 3 3 3 0 0 0 0 0 0 0 0 0 0 0 0 0 0 0 0 0 0 0
0 0 0 0 3 3 1 5 5 5 5 5 5 5 5 1 3 3 3 3 0 0 0 0 0 0 0 0 0 0 0 0 0 0 0 0 0 0 0
0 0 0 0 3 3 1 1 5 5 5 5 5 5 1 1 3 3 3 0 0 0 0 0 0 0 0 0 0 0 0 0 0 0 0 0 0 0 0
0 0 0 0 3 3 3 1 1 1 5 5 5 1 1 3 3 3 0 0 0 0 0 0 0 0 0 0 0 0 0 0 0 0 0 0 0 0 0
0 0 0 0 3 3 3 3 3 1 1 1 1 1 3 3 3 3 0 0 0 0 0 0 0 0 0 0 0 0 0 0 0 0 0 0 0 0 0
0 0 0 0 0 3 3 3 3 3 3 3 3 3 3 3 3 0 0 0 0 0 0 0 0 0 0 0 0 0 0 0 0 0 0 0 0 0 0
0 0 0 0 0 0 0 3 3 3 3 3 3 3 3 3 0 0 0 0 0 0 0 0 0 0 0 0 0 0 0 0 0 0 0 0 0 0 0
0 0 0 0 0 0 0 0 0 0 0 0 0 0 0 0 0 0 0 0 0 0 0 0 0 0 0 0 0 0 0 0 0 0 0 0 0 0 0
2
1
0 16 30
2
6 25 10
6 5 16
4
2 13 8 15 2
2 10 11 13 2
2 7 14 17 2
2 7 17 14 2
1
0 13 6
12
3 4 17
5 16 12
5 18 16
5 18 20
5 20 24
5 17 28
5 13 32
5 21 6
5 22 14
5 13 15
5 14 27
5 13 19
13
5 23 11
5 15 10
5 9 14
5 16 26
5 19 32
6 15 18
7 21 10
7 12 12
7 12 17
7 20 27
7 13 28
7 16 31
7 25 11