17 16
0 0 0 0 0 0 0 0 0 0 0 0 0 0 0 0
0 0 0 0 0 0 3 3 3 3 0 0 0 0 0 0
0 0 0 0 0 3 3 3 3 3 3 3 0 0 0 0
0 0 3 3 3 3 3 3 3 3 3 3 3 3 0 0
0 3 3 3 3 3 3 1 1 1 3 3 3 3 0 0
0 3 3 3 3 1 1 1 1 1 1 3 3 3 3 0
0 3 3 3 1 1 1 1 1 1 1 1 3 3 3 0
0 3 3 3 1 1 6 6 6 1 1 1 3 3 3 0
0 3 3 1 1 1 6 6 6 1 1 1 1 3 3 0
0 3 3 1 1 1 6 6 6 1 1 1 1 3 3 0
0 3 3 3 1 1 1 1 1 1 1 1 1 3 3 0
0 3 3 3 1 1 1 1 1 1 1 1 3 3 3 0
0 3 3 3 3 1 1 1 1 1 1 3 3 3 3 0
0 3 3 3 3 1 1 1 3 3 3 3 3 3 3 0
0 0 3 3 3 3 3 3 3 3 3 3 3 3 0 0
0 0 0 3 3 3 3 3 3 3 3 3 0 0 0 0
0 0 0 0 0 0 0 0 0 0 0 0 0 0 0 0
1
1
0 7 7
2
5 12 5
5 7 12