30 26
0 0 0 0 0 0 0 0 0 0 0 0 0 0 0 0 0 0 0 0 0 0 0 0 0 0
0 0 0 0 0 0 0 0 0 3 3 3 3 3 3 3 3 0 0 0 0 0 0 0 0 0
0 0 0 0 0 0 0 0 3 3 3 3 3 3 3 3 3 3 3 0 0 0 0 0 0 0
0 0 0 0 0 0 0 0 3 3 3 1 1 1 1 3 3 3 3 3 0 0 0 0 0 0
0 0 0 0 0 0 0 3 3 3 3 1 5 5 1 1 1 3 3 3 0 0 0 0 0 0
0 0 0 0 0 0 0 3 3 3 1 1 5 5 5 5 1 1 3 3 0 0 0 0 0 0
0 0 0 0 0 0 0 3 3 1 1 5 5 5 5 5 5 1 3 3 3 0 0 0 0 0
0 0 0 0 0 0 0 3 3 1 5 5 5 5 5 5 5 1 3 3 3 0 0 0 0 0
0 0 0 0 0 0 3 3 3 1 5 5 5 5 5 5 5 1 1 3 3 0 0 0 0 0
0 0 0 0 3 3 3 3 3 1 5 5 5 5 5 5 5 5 1 3 3 0 0 0 0 0
0 3 3 3 3 3 3 3 1 1 5 5 5 5 5 5 5 5 1 3 3 0 0 0 0 0
0 3 3 3 3 3 1 1 1 5 5 5 5 5 5 5 5 1 1 3 3 0 0 0 0 0
0 3 3 1 1 1 1 5 5 5 5 5 5 5 5 5 5 1 3 3 3 3 0 0 0 0
0 3 3 1 5 5 5 5 5 5 5 5 5 5 5 5 5 1 3 3 3 3 3 3 0 0
0 3 3 1 5 5 5 5 5 5 5 5 5 5 5 5 5 1 1 1 3 3 3 3 3 0
0 3 3 1 1 5 5 5 5 5 5 5 5 5 5 5 5 5 5 1 1 1 3 3 3 0
0 3 3 3 1 5 5 5 5 5 5 5 5 5 5 5 5 5 5 5 5 1 1 3 3 0
0 3 3 3 1 5 5 5 5 5 5 5 1 1 1 5 5 5 5 5 5 5 1 3 3 0
0 0 3 3 1 1 5 5 1 1 1 1 1 1 1 5 5 5 5 5 5 1 1 3 3 0
0 0 3 3 3 1 1 1 1 3 3 3 1 1 5 5 5 5 5 5 5 1 1 3 3 0
0 0 3 3 3 3 3 3 3 3 3 3 1 5 5 5 5 5 5 5 5 5 1 3 3 0
0 0 0 3 3 3 3 3 3 3 3 3 1 5 5 5 5 5 5 5 5 1 1 3 3 0
0 0 0 0 0 0 0 0 0 0 3 3 1 1 5 5 5 5 5 5 1 1 3 3 3 0
0 0 0 0 0 0 0 0 0 0 3 3 3 1 5 5 5 5 5 5 1 1 3 3 3 0
0 0 0 0 0 0 0 0 0 0 3 3 3 1 1 5 5 5 5 5 5 1 1 3 3 0
0 0 0 0 0 0 0 0 0 0 0 3 3 3 1 1 1 5 5 5 5 5 1 3 3 0
0 0 0 0 0 0 0 0 0 0 0 3 3 3 3 3 1 1 1 1 1 1 1 3 3 0
0 0 0 0 0 0 0 0 0 0 0 0 3 3 3 3 3 3 3 3 3 3 3 3 3 0
0 0 0 0 0 0 0 0 0 0 0 0 0 0 3 3 3 3 3 3 3 3 3 3 3 0
0 0 0 0 0 0 0 0 0 0 0 0 0 0 0 0 0 0 0 0 0 0 0 0 0 0
1
1
0 18 16
3
5 24 20
5 13 4
6 5 12