22 17
0 0 0 0 0 0 0 0 0 0 0 0 0 0 0 0 0
0 0 0 0 0 3 3 3 3 3 3 3 3 3 0 0 0
0 0 0 3 3 3 3 3 3 3 3 3 3 3 3 0 0
0 0 3 3 3 3 3 1 1 1 1 1 3 3 3 3 0
0 0 3 3 3 1 1 1 5 5 5 1 1 3 3 3 0
0 3 3 3 1 1 1 5 5 5 5 5 1 1 3 3 0
0 3 3 3 1 1 5 5 5 5 5 5 5 1 3 3 0
0 3 3 1 1 5 5 5 5 5 5 5 5 1 3 3 0
0 3 3 1 1 5 5 5 5 5 5 5 5 1 3 3 0
0 3 3 1 1 1 5 5 5 5 5 5 5 1 3 3 0
0 3 3 3 1 1 5 5 5 5 5 5 5 1 3 3 0
0 3 3 3 1 1 5 5 5 5 5 5 5 1 3 3 0
0 0 3 3 1 1 5 5 5 5 5 5 1 1 3 3 0
0 0 3 3 1 1 1 5 5 5 5 5 1 1 3 3 0
0 0 3 3 1 1 1 5 5 5 5 5 1 3 3 3 0
0 0 3 3 1 1 5 5 5 5 5 1 1 3 3 3 0
0 0 3 3 1 1 5 5 5 5 5 1 1 3 3 0 0
0 0 3 3 3 1 1 1 5 5 1 1 3 3 3 0 0
0 0 3 3 3 3 3 1 1 1 1 3 3 3 3 0 0
0 0 0 3 3 3 3 3 3 3 3 3 3 3 0 0 0
0 0 0 0 0 3 3 3 3 3 3 3 3 0 0 0 0
0 0 0 0 0 0 0 0 0 0 0 0 0 0 0 0 0
2
1
0 13 8
1
6 6 9
1
0 9 10
0