25 29
0 0 0 0 0 0 0 0 0 0 0 0 0 0 0 0 0 0 0 0 0 0 0 0 0 0 0 0 0
0 0 0 0 0 0 0 0 0 0 0 3 3 3 3 3 3 3 3 3 3 0 0 0 0 0 0 0 0
0 0 0 0 0 0 0 0 3 3 3 3 3 3 3 3 3 3 3 3 3 3 0 0 0 0 0 0 0
0 0 0 0 0 0 3 3 3 3 3 3 3 1 1 1 1 1 1 3 3 3 3 0 0 0 0 0 0
0 0 0 0 0 3 3 3 3 3 1 1 1 1 5 5 5 5 1 1 3 3 3 0 0 0 0 0 0
0 0 0 0 3 3 3 3 1 1 1 5 5 5 5 5 5 5 5 1 1 3 3 0 0 0 0 0 0
0 0 0 3 3 3 3 1 1 5 5 5 5 5 5 5 5 5 5 5 1 3 3 0 0 0 0 0 0
0 0 3 3 3 3 1 1 5 5 5 5 5 5 5 5 5 5 5 5 1 3 3 3 0 0 0 0 0
0 0 3 3 3 1 1 5 5 5 5 5 5 5 5 5 5 5 5 5 1 3 3 3 3 0 0 0 0
0 3 3 3 1 1 5 5 5 5 5 5 5 5 5 5 5 5 5 1 1 1 3 3 3 3 0 0 0
0 3 3 3 1 5 5 5 5 5 5 5 5 5 5 5 5 1 1 1 6 6 6 3 3 3 3 0 0
0 3 3 1 1 5 5 5 5 5 5 5 5 5 5 5 1 1 6 6 6 6 6 6 3 3 3 3 0
0 3 3 1 5 5 5 5 5 5 5 5 5 5 5 5 1 6 6 6 6 6 6 6 6 3 3 3 0
0 3 3 1 5 5 5 5 5 5 5 5 5 5 5 5 2 6 6 6 6 6 6 6 6 6 3 3 0
0 3 3 1 5 5 5 5 5 5 5 5 5 5 5 5 1 6 6 6 6 6 6 6 6 6 3 3 0
0 3 3 1 5 5 5 5 5 5 5 5 5 5 5 5 1 1 6 6 6 6 6 6 6 6 3 3 0
0 3 3 1 1 5 5 5 5 5 5 5 5 5 5 5 5 1 6 6 6 6 6 6 6 6 3 3 0
0 3 3 3 1 5 5 5 5 5 5 5 5 5 5 5 5 1 6 6 6 6 6 6 6 3 3 3 0
0 3 3 3 1 1 5 5 5 5 5 5 5 5 5 5 5 1 1 6 6 6 6 3 3 3 3 3 0
0 0 3 3 3 1 1 5 5 5 5 5 5 5 5 5 1 1 3 3 3 3 3 3 3 3 3 0 0
0 0 3 3 3 3 1 1 1 5 5 5 5 5 5 1 1 3 3 3 3 3 3 3 3 0 0 0 0
0 0 0 3 3 3 3 3 1 1 1 1 1 1 1 1 3 3 3 3 0 0 0 0 0 0 0 0 0
0 0 0 0 3 3 3 3 3 3 3 3 3 3 3 3 3 3 3 0 0 0 0 0 0 0 0 0 0
0 0 0 0 0 0 3 3 3 3 3 3 3 3 3 3 3 3 0 0 0 0 0 0 0 0 0 0 0
0 0 0 0 0 0 0 0 0 0 0 0 0 0 0 0 0 0 0 0 0 0 0 0 0 0 0 0 0
2
1
0 9 9
3
5 19 9
5 7 19
6 14 23
2
4 15 10
4 8 14
1
0 15 20
3
3 4 14
5 14 4
5 16 16
13
0 19 12
0 17 12
0 15 12
0 9 15
0 9 13
0 9 11
0 15 7
0 17 7
0 6 17
0 8 17
0 11 5
0 13 5
1 12 10