52 32
0 0 0 0 0 0 0 0 0 0 0 0 0 0 0 0 0 0 0 0 0 0 0 0 0 0 0 0 0 0 0 0
0 0 3 3 3 3 3 3 3 3 3 0 0 0 0 0 0 0 0 0 0 0 0 0 0 0 0 0 0 0 0 0
0 0 3 3 3 3 3 3 3 3 3 3 0 0 0 0 0 0 0 0 0 0 0 0 0 0 0 0 0 0 0 0
0 3 3 3 1 1 1 1 1 3 3 3 3 0 0 0 0 0 0 0 0 0 0 0 0 0 0 0 0 0 0 0
0 3 3 3 1 5 5 5 1 1 3 3 3 0 0 0 0 0 0 0 0 0 0 0 0 0 0 0 0 0 0 0
0 3 3 1 1 5 5 5 5 1 1 3 3 0 0 0 0 0 0 0 0 3 3 3 3 3 3 3 3 3 0 0
0 3 3 1 5 5 5 5 5 5 1 3 3 0 0 0 0 0 0 0 3 3 3 3 3 3 3 3 3 3 3 0
0 3 3 1 5 5 5 5 5 5 1 3 3 0 0 0 0 0 3 3 3 3 3 3 1 1 1 1 3 3 3 0
0 3 3 1 5 5 5 5 5 5 1 3 3 0 0 0 0 0 3 3 3 3 1 1 1 5 5 1 1 3 3 0
0 3 3 1 5 5 5 5 5 5 1 3 3 3 0 0 0 3 3 3 1 1 1 1 5 5 5 5 1 3 3 0
0 3 3 1 5 5 5 5 5 5 1 1 3 3 3 0 0 3 3 3 1 1 1 5 5 5 5 5 1 3 3 0
0 3 3 1 1 5 5 5 5 5 1 1 1 3 3 0 3 3 3 1 1 5 5 5 5 5 5 5 1 3 3 0
0 3 3 3 1 5 5 5 5 5 5 1 1 3 3 3 3 3 3 1 1 5 5 5 5 5 5 5 1 3 3 0
0 3 3 3 1 1 5 5 5 5 5 5 1 1 3 3 3 3 1 1 1 5 5 5 5 5 5 1 1 3 3 0
0 0 3 3 3 1 5 5 5 5 5 5 1 1 1 1 1 1 1 1 5 5 5 5 5 1 1 1 3 3 3 0
0 0 3 3 3 1 1 5 5 5 5 5 5 1 1 1 1 1 5 5 5 5 5 5 1 1 3 3 3 3 3 0
0 0 0 3 3 3 1 1 5 5 5 5 5 5 1 1 1 5 5 5 5 5 5 1 1 3 3 3 3 3 0 0
0 0 0 3 3 3 3 1 1 1 5 5 5 5 1 1 1 5 5 5 5 5 1 1 3 3 3 3 0 0 0 0
0 0 0 0 3 3 3 3 3 1 5 5 5 5 5 1 1 5 5 5 5 1 1 3 3 3 3 0 0 0 0 0
0 0 0 0 0 3 3 3 3 1 1 5 5 5 5 1 1 1 5 5 5 1 1 3 3 3 0 0 0 0 0 0
0 0 0 0 0 0 0 3 3 3 1 5 5 5 5 1 1 1 5 5 5 5 1 3 3 3 0 0 0 0 0 0
0 0 0 0 0 0 0 3 3 3 1 1 5 5 5 5 1 1 1 5 5 5 1 3 3 3 3 0 0 0 0 0
0 0 0 0 0 0 0 0 3 3 3 1 5 5 5 5 1 1 1 5 5 5 1 1 3 3 3 3 0 0 0 0
0 0 0 0 0 0 0 0 3 3 3 1 1 5 5 5 1 1 1 5 5 5 5 1 1 3 3 3 0 0 0 0
0 0 0 0 0 0 0 0 0 3 3 3 1 5 5 5 5 1 1 1 5 5 5 5 1 1 3 3 0 0 0 0
0 0 0 0 0 0 0 0 0 3 3 3 1 5 5 5 5 1 1 1 5 5 5 5 5 1 3 3 0 0 0 0
0 0 0 0 0 0 0 0 0 0 3 3 1 1 5 5 5 5 1 1 1 5 5 5 5 1 3 3 0 0 0 0
0 0 0 0 0 0 0 0 0 0 3 3 3 1 5 5 5 5 1 1 1 5 5 5 5 1 3 3 0 0 0 0
0 0 0 0 0 0 0 0 0 0 3 3 3 1 5 5 5 5 1 1 5 5 5 5 5 1 3 3 0 0 0 0
0 0 0 0 0 0 0 0 0 0 0 3 3 1 5 5 5 5 1 1 5 5 5 5 1 1 3 3 0 0 0 0
0 0 0 0 0 0 0 0 0 0 3 3 3 1 5 5 5 5 1 1 5 5 5 5 1 3 3 3 0 0 0 0
0 0 0 0 0 0 0 0 0 0 3 3 3 1 5 5 5 5 1 1 5 5 5 1 1 3 3 3 0 0 0 0
0 0 0 0 0 0 0 0 0 3 3 3 1 1 5 5 5 1 1 1 5 5 5 1 1 3 3 0 0 0 0 0
0 0 0 0 0 0 0 0 3 3 3 3 1 5 5 5 5 1 1 1 5 5 5 1 1 3 3 3 0 0 0 0
0 0 0 0 0 0 0 3 3 3 3 1 1 5 5 5 5 1 1 1 5 5 5 5 1 3 3 3 0 0 0 0
0 0 0 0 0 0 0 3 3 3 1 1 5 5 5 5 5 1 1 1 1 5 5 5 1 1 3 3 0 0 0 0
0 0 0 0 0 0 0 3 3 1 1 5 5 5 5 5 5 1 1 1 1 5 5 5 5 1 3 3 0 0 0 0
0 0 0 0 0 0 0 3 3 1 5 5 5 5 5 5 5 1 1 1 1 1 5 5 5 1 3 3 3 0 0 0
0 0 0 0 0 0 0 3 3 1 5 5 5 5 5 5 1 1 1 1 1 1 5 5 5 1 3 3 3 3 0 0
0 0 0 0 0 0 0 3 3 1 5 5 5 5 5 5 1 1 1 1 1 5 5 5 5 1 1 3 3 3 3 0
0 0 0 0 0 0 0 3 3 1 5 5 5 5 5 5 1 1 1 1 1 5 5 5 5 5 1 1 3 3 3 0
0 0 0 0 0 0 0 3 3 1 1 5 5 5 5 1 1 1 1 1 1 5 5 5 5 5 5 1 1 3 3 0
0 0 0 0 0 0 0 3 3 3 1 5 5 5 1 1 1 1 1 1 1 5 5 5 5 5 5 5 1 3 3 0
0 0 0 0 0 0 0 3 3 3 1 1 1 1 1 1 3 3 1 1 1 5 5 5 5 5 5 5 1 3 3 0
0 0 0 0 0 0 0 0 3 3 3 3 3 1 1 3 3 3 3 1 1 5 5 5 5 5 5 5 1 3 3 0
0 0 0 0 0 0 0 0 3 3 3 3 3 3 3 3 3 3 3 1 1 1 5 5 5 5 5 5 1 3 3 0
0 0 0 0 0 0 0 0 0 0 0 3 3 3 3 3 3 3 3 3 3 1 5 5 5 5 1 1 1 3 3 0
0 0 0 0 0 0 0 0 0 0 0 0 0 0 0 0 0 3 3 3 3 1 1 5 5 5 1 3 3 3 3 0
0 0 0 0 0 0 0 0 0 0 0 0 0 0 0 0 0 0 0 3 3 3 1 1 1 1 1 3 3 3 3 0
0 0 0 0 0 0 0 0 0 0 0 0 0 0 0 0 0 0 0 3 3 3 3 3 3 3 3 3 3 0 0 0
0 0 0 0 0 0 0 0 0 0 0 0 0 0 0 0 0 0 0 0 3 3 3 3 3 3 3 3 3 0 0 0
0 0 0 0 0 0 0 0 0 0 0 0 0 0 0 0 0 0 0 0 0 0 0 0 0 0 0 0 0 0 0 0
1
2
0 15 12
0 39 21
8
3 15 18
5 18 14
5 30 17
5 37 10
5 9 27
5 46 25
5 28 20
6 6 5
0
