40 32
0 0 0 0 0 0 0 0 0 0 0 0 0 0 0 0 0 0 0 0 0 0 0 0 0 0 0 0 0 0 0 0
0 0 0 0 0 0 0 0 0 3 3 3 3 3 3 3 3 0 0 0 0 0 0 0 0 0 0 0 0 0 0 0
0 0 0 0 0 0 0 0 3 3 3 3 3 3 3 3 3 3 0 0 0 0 0 0 0 0 0 0 0 0 0 0
0 0 0 0 0 0 0 0 3 3 3 1 1 1 1 3 3 3 0 0 0 0 0 0 0 0 0 0 0 0 0 0
0 0 0 0 0 0 0 3 3 3 1 1 5 5 1 1 3 3 3 0 0 0 0 0 0 0 0 0 0 0 0 0
0 0 0 0 0 0 0 3 3 3 1 5 5 5 5 1 3 3 3 0 0 0 0 0 0 0 0 0 0 0 0 0
0 0 0 0 0 0 0 3 3 1 1 5 5 5 5 1 1 3 3 0 0 0 0 0 0 0 0 0 0 0 0 0
0 0 0 0 0 0 0 3 3 1 5 5 5 5 5 5 1 3 3 0 0 3 3 3 3 3 3 3 3 0 0 0
0 0 0 0 0 0 3 3 3 1 5 5 5 5 5 5 1 3 3 0 3 3 3 3 3 3 3 3 3 3 0 0
0 0 0 0 0 0 3 3 3 1 5 5 5 5 5 5 1 3 3 3 3 3 3 1 1 1 1 3 3 3 0 0
0 0 0 0 0 0 3 3 1 1 5 5 5 5 5 5 1 3 3 3 3 3 1 1 5 5 1 1 3 3 3 0
0 0 0 0 0 0 3 3 1 5 5 5 5 5 5 1 1 3 3 3 3 1 1 5 5 5 5 1 3 3 3 0
0 0 0 0 0 3 3 3 1 5 5 5 5 5 5 1 3 3 3 3 3 1 5 5 5 5 5 1 1 3 3 0
0 0 0 0 0 3 3 3 1 5 5 5 5 5 5 1 3 3 3 3 1 1 5 5 5 5 5 5 1 3 3 0
0 0 0 0 0 3 3 1 1 5 5 5 5 5 5 1 1 3 3 1 1 5 5 5 5 5 5 5 1 3 3 0
0 0 0 0 0 3 3 1 5 5 5 5 5 5 5 5 1 1 1 1 5 5 5 5 5 5 5 5 1 3 3 0
0 0 0 0 3 3 3 1 5 5 5 5 5 5 5 5 5 1 1 5 5 5 5 5 5 5 5 1 1 3 3 0
0 0 0 0 3 3 3 1 5 5 5 5 5 5 5 5 5 5 5 5 5 5 5 5 5 5 5 1 3 3 3 0
0 0 0 3 3 3 1 1 5 5 5 5 5 5 5 5 5 5 5 5 5 5 5 5 5 5 1 1 3 3 3 0
0 0 3 3 3 3 1 5 5 5 5 5 5 5 5 5 5 5 5 5 5 5 5 5 5 5 1 3 3 3 0 0
0 0 3 3 3 1 1 5 5 5 5 5 5 5 5 5 5 5 5 5 5 5 5 5 5 1 1 3 3 3 0 0
0 0 3 3 1 1 5 5 5 5 5 5 5 5 5 5 5 5 5 5 5 5 5 5 1 1 3 3 3 0 0 0
0 0 3 3 1 5 5 5 5 5 5 5 5 5 5 5 5 5 5 5 5 5 5 1 1 3 3 3 3 0 0 0
0 0 3 3 1 5 5 5 5 5 5 5 5 5 5 5 5 5 5 5 5 5 5 1 3 3 3 3 0 0 0 0
0 0 3 3 1 5 5 5 5 5 5 5 5 1 1 1 5 5 5 5 5 5 5 1 3 3 3 0 0 0 0 0
0 3 3 3 1 5 5 5 5 5 5 1 1 1 1 1 1 1 5 5 5 5 5 1 1 3 3 3 0 0 0 0
0 3 3 3 1 5 5 5 5 5 1 1 1 3 3 1 1 1 5 5 5 5 5 5 1 3 3 3 3 0 0 0
0 3 3 1 1 5 5 5 5 1 1 1 3 3 3 3 1 1 1 5 5 5 5 5 1 1 3 3 3 3 0 0
0 3 3 1 5 5 5 5 1 1 1 3 3 3 3 3 1 1 1 5 5 5 5 5 5 1 1 3 3 3 3 0
0 3 3 1 5 5 5 5 1 1 3 3 3 3 3 3 1 1 1 5 5 5 5 5 5 5 1 1 3 3 3 0
0 3 3 1 5 5 5 1 1 3 3 3 3 3 3 3 1 1 5 5 5 5 5 5 5 5 5 1 1 3 3 0
0 3 3 1 1 5 5 1 1 3 3 3 3 3 3 3 1 1 5 5 5 5 5 5 5 5 5 5 1 3 3 0
0 3 3 3 1 1 1 1 3 3 3 3 0 3 3 3 1 1 5 5 5 5 5 5 5 5 5 5 1 3 3 0
0 3 3 3 3 3 3 3 3 3 3 0 0 0 3 3 1 1 1 5 5 5 5 5 5 5 5 1 1 3 3 0
0 0 3 3 3 3 3 3 3 3 0 0 0 0 3 3 3 1 1 1 5 5 5 5 5 5 1 1 3 3 3 0
0 0 0 0 0 0 0 0 0 0 0 0 0 0 3 3 3 3 1 1 1 5 5 5 5 1 1 3 3 3 3 0
0 0 0 0 0 0 0 0 0 0 0 0 0 0 0 3 3 3 3 1 1 1 1 1 1 1 3 3 3 3 0 0
0 0 0 0 0 0 0 0 0 0 0 0 0 0 0 0 3 3 3 3 3 3 3 3 3 3 3 3 3 0 0 0
0 0 0 0 0 0 0 0 0 0 0 0 0 0 0 0 0 3 3 3 3 3 3 3 3 3 3 3 0 0 0 0
0 0 0 0 0 0 0 0 0 0 0 0 0 0 0 0 0 0 0 0 0 0 0 0 0 0 0 0 0 0 0 0
1
1
0 18 11
7
3 10 24
5 30 5
5 30 18
5 31 27
5 16 19
5 15 8
5 9 15