37 29
0 0 0 0 0 0 0 0 0 0 0 0 0 0 0 0 0 0 0 0 0 0 0 0 0 0 0 0 0
0 0 0 0 0 0 0 0 0 3 3 3 3 3 3 3 3 3 3 3 0 0 0 0 0 0 0 0 0
0 0 0 0 0 0 3 3 3 3 3 3 3 3 3 3 3 3 3 3 3 3 0 0 0 0 0 0 0
0 0 0 0 3 3 3 3 3 3 3 1 1 1 1 1 1 1 3 3 3 3 3 3 0 0 0 0 0
0 0 0 3 3 3 3 3 1 1 1 1 1 1 1 1 1 1 1 1 3 3 3 3 3 0 0 0 0
0 0 3 3 3 3 1 1 1 1 1 1 1 1 1 1 1 1 1 1 1 1 3 3 3 3 0 0 0
0 3 3 3 3 1 1 1 1 1 1 1 1 1 1 1 1 1 1 6 6 1 1 3 3 3 3 0 0
0 3 3 3 1 1 1 1 1 1 1 1 1 1 1 1 1 1 6 6 6 6 1 1 3 3 3 0 0
0 3 3 1 1 1 1 1 1 2 1 1 1 1 1 1 1 6 6 6 6 6 6 1 1 3 3 3 0
0 3 3 1 1 1 1 1 5 5 5 1 1 1 1 1 6 6 6 6 6 6 6 1 1 3 3 3 0
0 3 3 1 1 5 5 5 5 5 5 5 5 1 1 1 6 6 6 6 6 6 6 6 1 1 3 3 0
0 3 3 1 1 5 5 5 5 5 5 5 5 5 1 1 6 6 6 6 6 6 6 6 6 1 3 3 0
0 3 3 1 5 5 5 5 5 5 5 5 5 5 1 1 6 6 6 6 6 6 6 6 6 1 3 3 0
0 3 3 1 5 5 5 5 5 5 5 5 5 5 1 1 1 6 6 6 6 6 6 6 6 1 3 3 0
0 3 3 1 5 5 5 5 5 5 5 5 5 1 1 1 1 6 6 6 6 6 6 6 6 1 3 3 0
0 3 3 1 1 5 5 5 5 5 5 5 5 1 1 1 1 1 6 6 6 6 6 6 1 1 3 3 0
0 3 3 3 1 5 5 5 5 5 5 5 5 5 1 1 1 1 6 6 6 6 6 1 1 3 3 3 0
0 3 3 3 1 5 5 5 5 5 5 5 5 5 1 1 1 1 1 6 6 6 1 1 3 3 3 3 0
0 0 3 3 1 1 5 5 5 5 5 5 5 5 5 1 1 1 1 1 1 1 1 1 3 3 3 0 0
0 0 3 3 3 1 5 5 5 5 5 5 5 5 5 5 1 1 1 1 1 1 1 3 3 3 0 0 0
0 0 3 3 3 1 5 5 5 5 5 5 5 5 5 5 1 1 1 1 1 1 1 3 3 3 0 0 0
0 0 0 3 3 1 1 5 5 5 5 5 5 5 5 5 5 5 1 1 1 1 1 3 3 3 0 0 0
0 0 0 3 3 3 1 5 5 5 5 5 5 5 5 5 5 5 5 1 1 1 1 1 3 3 0 0 0
0 0 0 3 3 3 1 1 5 5 5 5 5 5 5 5 5 5 5 1 1 1 1 1 3 3 0 0 0
0 0 0 0 3 3 3 1 5 5 5 5 5 5 5 5 5 5 5 5 1 1 1 1 3 3 0 0 0
0 0 0 0 3 3 3 1 1 5 5 5 5 5 5 5 5 5 5 5 5 1 1 1 3 3 0 0 0
0 0 0 0 0 3 3 3 1 1 1 5 5 5 5 5 5 5 5 5 5 1 1 1 3 3 0 0 0
0 0 0 0 0 3 3 3 3 3 1 1 1 5 5 5 5 5 5 5 5 2 1 1 3 3 0 0 0
0 0 0 0 0 0 3 3 3 3 3 3 1 1 5 5 5 5 5 5 5 1 1 1 3 3 0 0 0
0 0 0 0 0 0 0 0 3 3 3 3 3 1 5 5 5 5 5 5 5 1 1 3 3 3 0 0 0
0 0 0 0 0 0 0 0 0 0 3 3 3 1 1 5 5 5 5 5 5 1 1 3 3 3 0 0 0
0 0 0 0 0 0 0 0 0 0 0 3 3 3 1 5 5 5 5 5 1 1 1 3 3 3 0 0 0
0 0 0 0 0 0 0 0 0 0 0 3 3 3 1 1 5 5 5 1 1 1 3 3 3 3 0 0 0
0 0 0 0 0 0 0 0 0 0 0 0 3 3 3 1 1 1 1 1 3 3 3 3 3 0 0 0 0
0 0 0 0 0 0 0 0 0 0 0 0 3 3 3 3 3 3 3 3 3 3 3 3 0 0 0 0 0
0 0 0 0 0 0 0 0 0 0 0 0 0 3 3 3 3 3 3 3 3 3 0 0 0 0 0 0 0
0 0 0 0 0 0 0 0 0 0 0 0 0 0 0 0 0 0 0 0 0 0 0 0 0 0 0 0 0
2
1
0 13 8
2
5 9 3
7 10 19
1
0 11 23
10
3 10 5
5 19 7
5 24 10
5 13 8
5 16 11
5 20 13
5 23 15
5 26 17
5 29 17
5 26 20